time,open,high,low,close,volume
2021-07-08 19:50:00,115.395422657,115.395422657,115.385482488,115.385482488,800
2021-07-08 19:49:00,115.395422657,115.395422657,115.395422657,115.395422657,200
2021-07-08 16:12:00,115.465003841,115.743328574,115.465003841,115.743328574,2148
2021-07-08 16:07:00,116.578302776,116.578302776,115.465003841,115.484884179,2872
2021-07-08 16:02:00,116.250277197,116.250277197,115.305961136,115.305961136,18777
2021-07-08 16:01:00,115.36560215,115.36560215,115.36560215,115.36560215,848
2021-07-08 16:00:00,115.370572235,115.375542319,115.36560215,115.36560215,255486
2021-07-08 15:59:00,115.370572235,115.375542319,115.36560215,115.375542319,21688
2021-07-08 15:58:00,115.370572235,115.375542319,115.36560215,115.36560215,25525
2021-07-08 15:57:00,115.375542319,115.385482488,115.36560215,115.370572235,19819
2021-07-08 15:56:00,115.380512404,115.385482488,115.375542319,115.383295651,11960
2021-07-08 15:55:00,115.375542319,115.385482488,115.375542319,115.385482488,14535
2021-07-08 15:54:00,115.381407019,115.385482488,115.375542319,115.375542319,18730
2021-07-08 15:53:00,115.380512404,115.385482488,115.375542319,115.385482488,6954
2021-07-08 15:52:00,115.380512404,115.385482488,115.375542319,115.380512404,19427
2021-07-08 15:51:00,115.375542319,115.385482488,115.36560215,115.380512404,13727
2021-07-08 15:50:00,115.375542319,115.375542319,115.367788987,115.375542319,11028
2021-07-08 15:49:00,115.375542319,115.375542319,115.366596167,115.375542319,21490
2021-07-08 15:48:00,115.375542319,115.375542319,115.369478816,115.375542319,33154
2021-07-08 15:47:00,115.370572235,115.375542319,115.370572235,115.375542319,24169
2021-07-08 15:46:00,115.375542319,115.375542319,115.367093175,115.375542319,6933
2021-07-08 15:45:00,115.370572235,115.375542319,115.366596167,115.370572235,6946
2021-07-08 15:44:00,115.370572235,115.375542319,115.370572235,115.370572235,13490
2021-07-08 15:43:00,115.370572235,115.375542319,115.365701552,115.375542319,15469
2021-07-08 15:42:00,115.375542319,115.375542319,115.36560215,115.370572235,11826
2021-07-08 15:41:00,115.370572235,115.375542319,115.36560215,115.375442917,57830
2021-07-08 15:40:00,115.375542319,115.375542319,115.370572235,115.370572235,9243
2021-07-08 15:39:00,115.370572235,115.375542319,115.36560215,115.370572235,23557
2021-07-08 15:38:00,115.36560215,115.375542319,115.36560215,115.370572235,12530
2021-07-08 15:37:00,115.360632065,115.36560215,115.357252408,115.360632065,36170
2021-07-08 15:36:00,115.36560215,115.36560215,115.357650015,115.36560215,11733
2021-07-08 15:35:00,115.360632065,115.36560215,115.360632065,115.360632065,19131
2021-07-08 15:34:00,115.360632065,115.36560215,115.355661981,115.360632065,16375
2021-07-08 15:33:00,115.355661981,115.360632065,115.355661981,115.360632065,29433
2021-07-08 15:32:00,115.355661981,115.36560215,115.355661981,115.361626082,15235
2021-07-08 15:31:00,115.363514715,115.365502748,115.355661981,115.360632065,18575
2021-07-08 15:30:00,115.355661981,115.36560215,115.355661981,115.364011723,13554
2021-07-08 15:29:00,115.355661981,115.360632065,115.355661981,115.355661981,7239
2021-07-08 15:28:00,115.35735181,115.364608133,115.355661981,115.360632065,9622
2021-07-08 15:27:00,115.360632065,115.36560215,115.355661981,115.355661981,6375
2021-07-08 15:26:00,115.360632065,115.36560215,115.355661981,115.363415313,5479
2021-07-08 15:25:00,115.363514715,115.364608133,115.355661981,115.357848818,10802
2021-07-08 15:24:00,115.360632065,115.36560215,115.355661981,115.360632065,10185
2021-07-08 15:23:00,115.360632065,115.36560215,115.357451211,115.36560215,29690
2021-07-08 15:22:00,115.36560215,115.370572235,115.360632065,115.360632065,19025
2021-07-08 15:21:00,115.367788987,115.370572235,115.367788987,115.368186594,1193
2021-07-08 15:20:00,115.375542319,115.375542319,115.36560215,115.375542319,3461
2021-07-08 15:19:00,115.375542319,115.375542319,115.36739138,115.370572235,11079
2021-07-08 15:18:00,115.375542319,115.383991463,115.375542319,115.383991463,2225
2021-07-08 15:17:00,115.380512404,115.380512404,115.375542319,115.380512404,2488
2021-07-08 15:16:00,115.380512404,115.385482488,115.375542319,115.375542319,15755
2021-07-08 15:15:00,115.36560215,115.385482488,115.36560215,115.375542319,20634
2021-07-08 15:14:00,115.375144712,115.375542319,115.367490782,115.370572235,3161
2021-07-08 15:13:00,115.377729156,115.377729156,115.370572235,115.374548302,6733
2021-07-08 15:12:00,115.380512404,115.385482488,115.375542319,115.375542319,9790
2021-07-08 15:11:00,115.36560215,115.380512404,115.360632065,115.375542319,86788
2021-07-08 15:10:00,115.36560215,115.36560215,115.355661981,115.355661981,20634
2021-07-08 15:09:00,115.360632065,115.364806937,115.355661981,115.364806937,17366
2021-07-08 15:08:00,115.355761383,115.361626082,115.355661981,115.355661981,6535
2021-07-08 15:07:00,115.360632065,115.36560215,115.355661981,115.355661981,5166
2021-07-08 15:06:00,115.355661981,115.355661981,115.355661981,115.355661981,10675
2021-07-08 15:05:00,115.355661981,115.365502748,115.355661981,115.355661981,41835
2021-07-08 15:04:00,115.36560215,115.373454884,115.355661981,115.361725484,14366
2021-07-08 15:03:00,115.375542319,115.375542319,115.370572235,115.370572235,2674
2021-07-08 15:02:00,115.365701552,115.371566251,115.365701552,115.370572235,6384
2021-07-08 15:01:00,115.375542319,115.380512404,115.36560215,115.373653687,32049
2021-07-08 15:00:00,115.36560215,115.385482488,115.36560215,115.381605822,60022
2021-07-08 14:59:00,115.375442917,115.375542319,115.36560215,115.36560215,30291
2021-07-08 14:58:00,115.36560215,115.375542319,115.36560215,115.370572235,6112
2021-07-08 14:57:00,115.374548302,115.374548302,115.36560215,115.371665653,5008
2021-07-08 14:56:00,115.375442917,115.375442917,115.36560215,115.374051294,10048
2021-07-08 14:55:00,115.36560215,115.372560268,115.36560215,115.370572235,7143
2021-07-08 14:54:00,115.367093175,115.371665653,115.36560215,115.36560215,2113
2021-07-08 14:53:00,115.375542319,115.384587873,115.36560215,115.36560215,25404
2021-07-08 14:52:00,115.377132746,115.385482488,115.375542319,115.375542319,4465
2021-07-08 14:51:00,115.383295651,115.385482488,115.377430951,115.377729156,16772
2021-07-08 14:50:00,115.393931632,115.393931632,115.380512404,115.380512404,27638
2021-07-08 14:49:00,115.390452573,115.39442864,115.385482488,115.390452573,14725
2021-07-08 14:48:00,115.390452573,115.39442864,115.38737112,115.39442864,1821
2021-07-08 14:47:00,115.390452573,115.395422657,115.385482488,115.395422657,6436
2021-07-08 14:46:00,115.390452573,115.395422657,115.385482488,115.390452573,41549
2021-07-08 14:45:00,115.390452573,115.390452573,115.390452573,115.390452573,5306
2021-07-08 14:44:00,115.390452573,115.390452573,115.390452573,115.390452573,7128
2021-07-08 14:43:00,115.390452573,115.395422657,115.389359154,115.390452573,6615
2021-07-08 14:42:00,115.390452573,115.395422657,115.390452573,115.395422657,6431
2021-07-08 14:41:00,115.390452573,115.395422657,115.390452573,115.390452573,7617
2021-07-08 14:40:00,115.380512404,115.395422657,115.380512404,115.395422657,15500
2021-07-08 14:39:00,115.380512404,115.385482488,115.380512404,115.380512404,9436
2021-07-08 14:38:00,115.385482488,115.385482488,115.380512404,115.384786676,12716
2021-07-08 14:37:00,115.385482488,115.385482488,115.380512404,115.380512404,5277
2021-07-08 14:36:00,115.384488471,115.385482488,115.375542319,115.380512404,18926
2021-07-08 14:35:00,115.380512404,115.385482488,115.380512404,115.382202232,3808
2021-07-08 14:34:00,115.380512404,115.385482488,115.380512404,115.383991463,2602
2021-07-08 14:33:00,115.380512404,115.385482488,115.380512404,115.380512404,11179
2021-07-08 14:32:00,115.400392742,115.403374792,115.377729156,115.385482488,23166
2021-07-08 14:31:00,115.400392742,115.405064621,115.395422657,115.400392742,12234
2021-07-08 14:30:00,115.403175989,115.403175989,115.397609494,115.400392742,969
2021-07-08 14:29:00,115.395422657,115.405263425,115.390452573,115.397013084,11765
2021-07-08 14:28:00,115.390452573,115.395422657,115.386973514,115.395422657,13462
2021-07-08 14:27:00,115.395422657,115.395422657,115.386476505,115.390452573,61041
2021-07-08 14:26:00,115.385482488,115.395422657,115.385482488,115.390452573,148860
2021-07-08 14:25:00,115.380512404,115.385482488,115.380512404,115.380512404,4945
2021-07-08 14:24:00,115.380512404,115.385482488,115.377729156,115.380512404,7484
2021-07-08 14:23:00,115.370572235,115.385482488,115.370572235,115.385482488,20215
2021-07-08 14:22:00,115.370572235,115.375542319,115.36560215,115.370572235,7779
2021-07-08 14:21:00,115.380512404,115.383991463,115.375542319,115.375542319,7851
2021-07-08 14:20:00,115.370572235,115.385482488,115.370572235,115.375542319,25210
2021-07-08 14:19:00,115.363614116,115.375542319,115.360632065,115.375542319,17768
2021-07-08 14:18:00,115.360632065,115.36560215,115.357451211,115.360632065,1436
2021-07-08 14:17:00,115.360632065,115.36560215,115.355661981,115.360632065,6948
2021-07-08 14:16:00,115.36560215,115.36560215,115.357550613,115.360632065,1804
2021-07-08 14:15:00,115.36560215,115.36560215,115.359638049,115.360632065,3074
2021-07-08 14:14:00,115.359936254,115.364508731,115.359936254,115.360632065,7549
2021-07-08 14:13:00,115.360632065,115.365204543,115.355661981,115.360632065,14536
2021-07-08 14:12:00,115.360632065,115.36560215,115.360632065,115.360632065,2369
2021-07-08 14:11:00,115.352481127,115.36560215,115.350691896,115.36560215,9939
2021-07-08 14:10:00,115.355562579,115.355661981,115.350691896,115.355661981,2047
2021-07-08 14:09:00,115.355661981,115.355661981,115.350691896,115.350691896,5759
2021-07-08 14:08:00,115.354170956,115.354170956,115.347610444,115.34969788,2114
2021-07-08 14:07:00,115.354667964,115.355661981,115.347610444,115.355562579,17477
2021-07-08 14:06:00,115.355661981,115.355661981,115.350691896,115.350691896,2473
2021-07-08 14:05:00,115.355661981,115.355661981,115.345721812,115.350691896,76854
2021-07-08 14:04:00,115.355661981,115.355661981,115.348703863,115.355661981,5180
2021-07-08 14:03:00,115.351586512,115.355661981,115.345721812,115.355661981,6370
2021-07-08 14:02:00,115.350691896,115.355661981,115.350691896,115.355661981,3438
2021-07-08 14:01:00,115.350691896,115.350691896,115.347212837,115.347212837,1387
2021-07-08 14:00:00,115.363415313,115.363415313,115.347511042,115.350691896,16181
2021-07-08 13:59:00,115.36560215,115.36560215,115.357252408,115.360632065,3517
2021-07-08 13:58:00,115.360632065,115.375542319,115.360632065,115.365701552,8018
2021-07-08 13:57:00,115.360632065,115.36560215,115.355761383,115.360632065,3507
2021-07-08 13:56:00,115.360632065,115.36560215,115.355761383,115.355761383,27251
2021-07-08 13:55:00,115.360632065,115.36560215,115.35973745,115.35973745,2093
2021-07-08 13:54:00,115.360632065,115.36560215,115.355661981,115.360632065,6378
2021-07-08 13:53:00,115.36560215,115.36560215,115.355761383,115.36560215,3802
2021-07-08 13:52:00,115.360632065,115.36560215,115.359638049,115.359638049,86501
2021-07-08 13:51:00,115.360632065,115.36560215,115.360632065,115.360632065,54847
2021-07-08 13:50:00,115.356655998,115.36500574,115.356556596,115.360632065,3109
2021-07-08 13:49:00,115.358644032,115.364011723,115.358644032,115.364011723,1513
2021-07-08 13:48:00,115.355661981,115.355661981,115.355661981,115.355661981,1508
2021-07-08 13:47:00,115.360632065,115.36560215,115.355661981,115.356655998,7221
2021-07-08 13:46:00,115.355661981,115.36560215,115.350691896,115.360632065,9243
2021-07-08 13:45:00,115.350691896,115.355661981,115.350691896,115.350691896,5250
2021-07-08 13:44:00,115.354966169,115.355661981,115.350691896,115.355661981,3736
2021-07-08 13:43:00,115.347312239,115.355661981,115.347312239,115.350691896,3565
2021-07-08 13:42:00,115.355661981,115.355661981,115.350691896,115.355661981,4703
2021-07-08 13:41:00,115.350691896,115.355661981,115.348703863,115.355661981,4171
2021-07-08 13:40:00,115.350691896,115.350691896,115.350691896,115.350691896,1156
2021-07-08 13:39:00,115.350691896,115.350691896,115.345721812,115.345721812,3080
2021-07-08 13:38:00,115.347312239,115.350691896,115.347212837,115.350691896,4625
2021-07-08 13:37:00,115.350691896,115.350691896,115.345821214,115.345821214,3514
2021-07-08 13:36:00,115.353475144,115.355661981,115.345721812,115.350691896,3798
2021-07-08 13:35:00,115.350691896,115.354667964,115.345721812,115.350691896,1789
2021-07-08 13:34:00,115.350691896,115.355661981,115.350691896,115.355661981,968
2021-07-08 13:33:00,115.350691896,115.350691896,115.347212837,115.350691896,6752
2021-07-08 13:32:00,115.354667964,115.354667964,115.350691896,115.350691896,2487
2021-07-08 13:31:00,115.355661981,115.355661981,115.347908649,115.350691896,7200
2021-07-08 13:30:00,115.345721812,115.355661981,115.345721812,115.355661981,14871
2021-07-08 13:29:00,115.346715829,115.350691896,115.345721812,115.345721812,24158
2021-07-08 13:28:00,115.345721812,115.353475144,115.345721812,115.350691896,2353
2021-07-08 13:27:00,115.345721812,115.355661981,115.345721812,115.350691896,1290
2021-07-08 13:26:00,115.350691896,115.355661981,115.345721812,115.350691896,25468
2021-07-08 13:25:00,115.360632065,115.360632065,115.345721812,115.350691896,4803
2021-07-08 13:24:00,115.364906338,115.364906338,115.355761383,115.360632065,2782
2021-07-08 13:23:00,115.360632065,115.360632065,115.355661981,115.355661981,655
2021-07-08 13:22:00,115.345721812,115.365403347,115.345721812,115.360632065,17519
2021-07-08 13:21:00,115.345721812,115.355661981,115.345721812,115.350691896,6802
2021-07-08 13:20:00,115.340751727,115.345721812,115.33796848,115.345721812,4760
2021-07-08 13:19:00,115.347908649,115.355661981,115.340751727,115.345721812,1947
2021-07-08 13:18:00,115.355661981,115.36560215,115.355661981,115.355661981,5188
2021-07-08 13:17:00,115.355661981,115.355661981,115.345721812,115.355661981,10577
2021-07-08 13:16:00,115.355661981,115.364011723,115.355661981,115.360632065,5936
2021-07-08 13:15:00,115.357153006,115.364608133,115.355661981,115.355661981,3141
2021-07-08 13:14:00,115.355661981,115.360632065,115.355661981,115.355661981,7626
2021-07-08 13:13:00,115.355661981,115.360632065,115.350691896,115.360632065,9072
2021-07-08 13:12:00,115.340751727,115.355661981,115.340751727,115.350691896,4340
2021-07-08 13:11:00,115.345721812,115.345721812,115.33796848,115.33796848,727
2021-07-08 13:10:00,115.335781643,115.345721812,115.327730106,115.345721812,5710
2021-07-08 13:09:00,115.330811558,115.335781643,115.327730106,115.330811558,2845
2021-07-08 13:08:00,115.340751727,115.340751727,115.330811558,115.330811558,4293
2021-07-08 13:07:00,115.335781643,115.340751727,115.330811558,115.340751727,1222
2021-07-08 13:06:00,115.344230787,115.344230787,115.330811558,115.330811558,2455
2021-07-08 13:05:00,115.340751727,115.344827197,115.335781643,115.335781643,2343
2021-07-08 13:04:00,115.330811558,115.340751727,115.327332499,115.340751727,16414
2021-07-08 13:03:00,115.330811558,115.335781643,115.325841474,115.330811558,1624
2021-07-08 13:02:00,115.320871389,115.335781643,115.320871389,115.335781643,6592
2021-07-08 13:01:00,115.320871389,115.325841474,115.315901305,115.325841474,905
2021-07-08 13:00:00,115.315901305,115.325841474,115.315901305,115.320871389,9836
2021-07-08 12:59:00,115.330811558,115.330811558,115.315901305,115.320871389,8844
2021-07-08 12:58:00,115.330811558,115.345721812,115.330811558,115.335781643,15361
2021-07-08 12:57:00,115.330811558,115.335781643,115.330811558,115.335781643,4822
2021-07-08 12:56:00,115.335781643,115.340751727,115.330811558,115.330811558,5666
2021-07-08 12:55:00,115.330811558,115.340751727,115.330811558,115.340751727,14526
2021-07-08 12:54:00,115.321666603,115.334787626,115.320871389,115.334787626,10008
2021-07-08 12:53:00,115.315901305,115.320871389,115.315901305,115.320274979,5210
2021-07-08 12:52:00,115.315901305,115.315901305,115.31093122,115.315901305,3750
2021-07-08 12:51:00,115.315901305,115.317591133,115.315901305,115.317591133,3522
2021-07-08 12:50:00,115.315901305,115.315901305,115.31093122,115.31093122,3889
2021-07-08 12:49:00,115.31093122,115.315901305,115.307750366,115.31093122,1643
2021-07-08 12:48:00,115.305961136,115.315901305,115.305961136,115.315901305,599
2021-07-08 12:47:00,115.305961136,115.315901305,115.305961136,115.315801903,26646
2021-07-08 12:46:00,115.305961136,115.307452161,115.296020967,115.300991051,28813
2021-07-08 12:45:00,115.325245064,115.325245064,115.307551563,115.307551563,5858
2021-07-08 12:44:00,115.316895322,115.325841474,115.316895322,115.325344465,1951
2021-07-08 12:43:00,115.325841474,115.325841474,115.317789937,115.324648653,3073
2021-07-08 12:42:00,115.335781643,115.335781643,115.330811558,115.330811558,11945
2021-07-08 12:41:00,115.345721812,115.345721812,115.330811558,115.330811558,2819
2021-07-08 12:40:00,115.345721812,115.345721812,115.335881045,115.335881045,922
2021-07-08 12:39:00,115.345721812,115.345721812,115.335781643,115.340751727,23089
2021-07-08 12:38:00,115.350691896,115.354170956,115.345721812,115.345721812,5673
2021-07-08 12:37:00,115.345721812,115.351586512,115.345721812,115.350691896,2093
2021-07-08 12:36:00,115.354667964,115.355661981,115.354667964,115.355661981,1777
2021-07-08 12:35:00,115.355661981,115.355661981,115.350691896,115.350691896,1674
2021-07-08 12:34:00,115.350691896,115.354071554,115.345721812,115.350691896,9574
2021-07-08 12:33:00,115.355562579,115.355661981,115.350691896,115.350691896,2699
2021-07-08 12:32:00,115.345721812,115.347212837,115.345721812,115.347212837,877
2021-07-08 12:31:00,115.350691896,115.35267993,115.350691896,115.35267993,1096
2021-07-08 12:30:00,115.350691896,115.355661981,115.350691896,115.355661981,3134
2021-07-08 12:29:00,115.354667964,115.354667964,115.345721812,115.345821214,1630
2021-07-08 12:28:00,115.361626082,115.361626082,115.355661981,115.355661981,9845
2021-07-08 12:27:00,115.371665653,115.371665653,115.355661981,115.360632065,12392
2021-07-08 12:26:00,115.36560215,115.373951892,115.36560215,115.370572235,11728
2021-07-08 12:25:00,115.355661981,115.36560215,115.355661981,115.36560215,7021
2021-07-08 12:24:00,115.35267993,115.355661981,115.347908649,115.347908649,925
2021-07-08 12:23:00,115.355661981,115.355661981,115.345721812,115.350691896,2172
2021-07-08 12:22:00,115.355661981,115.365502748,115.345721812,115.345821214,13149
2021-07-08 12:21:00,115.350691896,115.350691896,115.350691896,115.350691896,888
2021-07-08 12:20:00,115.345721812,115.355661981,115.345721812,115.355661981,774
2021-07-08 12:19:00,115.340751727,115.34562241,115.33677566,115.34562241,762
2021-07-08 12:18:00,115.335781643,115.341646343,115.335781643,115.335781643,4790
2021-07-08 12:17:00,115.330811558,115.335781643,115.325841474,115.332898994,45481
2021-07-08 12:16:00,115.335781643,115.335781643,115.330811558,115.330811558,9641
2021-07-08 12:15:00,115.355164973,115.355164973,115.345721812,115.345721812,9727
2021-07-08 12:14:00,115.345721812,115.353972152,115.345721812,115.349996085,2322
2021-07-08 12:13:00,115.360632065,115.360632065,115.350691896,115.350691896,5435
2021-07-08 12:12:00,115.36560215,115.370075226,115.356457194,115.356457194,5708
2021-07-08 12:11:00,115.36560215,115.37385249,115.358842835,115.360632065,6213
2021-07-08 12:10:00,115.369578218,115.375542319,115.36739138,115.375542319,5138
2021-07-08 12:09:00,115.370572235,115.373951892,115.36560215,115.370572235,4511
2021-07-08 12:08:00,115.360234459,115.375542319,115.360234459,115.375442917,7426
2021-07-08 12:07:00,115.355661981,115.36560215,115.353475144,115.360632065,8199
2021-07-08 12:06:00,115.360632065,115.360632065,115.345721812,115.353673947,20040
2021-07-08 12:05:00,115.355661981,115.360632065,115.355661981,115.360632065,11800
2021-07-08 12:04:00,115.353475144,115.355661981,115.347908649,115.355661981,1120
2021-07-08 12:03:00,115.354667964,115.354667964,115.345721812,115.353375742,1069
2021-07-08 12:02:00,115.355661981,115.355661981,115.349896683,115.355661981,5163
2021-07-08 12:01:00,115.345523009,115.355661981,115.340751727,115.355661981,73266
2021-07-08 12:00:00,115.345721812,115.353475144,115.340751727,115.345721812,11719
2021-07-08 11:59:00,115.345721812,115.345721812,115.335781643,115.335781643,15086
2021-07-08 11:58:00,115.355661981,115.359439245,115.345721812,115.345721812,11765
2021-07-08 11:57:00,115.375542319,115.375542319,115.360632065,115.360632065,47071
2021-07-08 11:56:00,115.355661981,115.370572235,115.355661981,115.370572235,4980
2021-07-08 11:55:00,115.350691896,115.355661981,115.347212837,115.350691896,33871
2021-07-08 11:54:00,115.348803264,115.348803264,115.348703863,115.348703863,839
2021-07-08 11:53:00,115.355562579,115.355562579,115.345721812,115.345721812,2429
2021-07-08 11:52:00,115.335682241,115.345721812,115.335582839,115.345721812,7084
2021-07-08 11:51:00,115.335781643,115.335781643,115.325841474,115.325841474,1947
2021-07-08 11:50:00,115.325841474,115.335781643,115.317094125,115.330811558,13801
2021-07-08 11:49:00,115.315901305,115.325841474,115.315901305,115.325841474,2346
2021-07-08 11:48:00,115.30447011,115.31093122,115.296020967,115.31093122,8804
2021-07-08 11:47:00,115.305961136,115.31093122,115.296020967,115.297213787,5135
2021-07-08 11:46:00,115.335682241,115.335682241,115.315901305,115.315901305,7979
2021-07-08 11:45:00,115.327431901,115.330811558,115.325841474,115.325841474,13590
2021-07-08 11:44:00,115.325841474,115.330811558,115.320175577,115.330811558,7879
2021-07-08 11:43:00,115.320871389,115.325841474,115.315901305,115.315901305,7566
2021-07-08 11:42:00,115.320871389,115.325841474,115.315901305,115.316000706,45316
2021-07-08 11:41:00,115.325841474,115.325841474,115.320871389,115.320871389,16870
2021-07-08 11:40:00,115.325841474,115.325841474,115.315901305,115.325841474,2584
2021-07-08 11:39:00,115.325841474,115.325841474,115.317591133,115.320274979,7338
2021-07-08 11:38:00,115.330811558,115.335781643,115.325841474,115.325841474,6112
2021-07-08 11:37:00,115.325841474,115.330811558,115.325841474,115.327332499,1662
2021-07-08 11:36:00,115.327332499,115.333793609,115.325841474,115.325841474,2620
2021-07-08 11:35:00,115.315901305,115.334290617,115.315901305,115.334290617,4811
2021-07-08 11:34:00,115.330811558,115.330811558,115.305961136,115.324946859,31657
2021-07-08 11:33:00,115.335781643,115.345721812,115.335781643,115.335781643,1051
2021-07-08 11:32:00,115.325841474,115.335781643,115.320871389,115.335781643,13510
2021-07-08 11:31:00,115.31739233,115.322859423,115.31739233,115.318088142,1208
2021-07-08 11:30:00,115.331010362,115.331010362,115.320871389,115.320871389,4561
2021-07-08 11:29:00,115.335682241,115.335682241,115.327332499,115.333594806,1372
2021-07-08 11:28:00,115.355661981,115.355661981,115.335781643,115.339061899,4053
2021-07-08 11:27:00,115.355661981,115.360632065,115.345721812,115.355661981,7620
2021-07-08 11:26:00,115.355661981,115.36560215,115.355661981,115.364111125,5444
2021-07-08 11:25:00,115.363713518,115.365502748,115.355661981,115.360632065,3137
2021-07-08 11:24:00,115.36560215,115.375542319,115.355661981,115.355661981,7490
2021-07-08 11:23:00,115.375542319,115.375542319,115.360632065,115.360632065,12248
2021-07-08 11:22:00,115.380512404,115.383494454,115.36560215,115.36560215,5533
2021-07-08 11:21:00,115.36560215,115.385482488,115.36560215,115.385482488,8882
2021-07-08 11:20:00,115.39323582,115.39323582,115.375542319,115.375542319,8179
2021-07-08 11:19:00,115.385482488,115.395422657,115.385482488,115.393931632,1850
2021-07-08 11:18:00,115.370572235,115.385482488,115.370572235,115.375542319,12275
2021-07-08 11:17:00,115.37385249,115.375542319,115.367490782,115.375542319,1953
2021-07-08 11:16:00,115.375542319,115.385482488,115.367788987,115.367788987,17206
2021-07-08 11:15:00,115.385482488,115.385482488,115.370572235,115.370572235,7208
2021-07-08 11:14:00,115.375542319,115.390452573,115.375542319,115.387470522,12896
2021-07-08 11:13:00,115.38498548,115.385482488,115.375542319,115.382003429,43866
2021-07-08 11:12:00,115.375542319,115.380512404,115.375542319,115.380512404,3549
2021-07-08 11:11:00,115.380512404,115.385482488,115.375542319,115.375542319,13609
2021-07-08 11:10:00,115.385482488,115.385482488,115.377033344,115.380512404,3344
2021-07-08 11:09:00,115.385383086,115.385482488,115.380512404,115.380512404,3673
2021-07-08 11:08:00,115.385482488,115.385482488,115.380512404,115.380512404,18809
2021-07-08 11:07:00,115.380512404,115.390452573,115.377033344,115.380512404,18098
2021-07-08 11:06:00,115.415302995,115.415302995,115.395422657,115.395422657,43009
2021-07-08 11:05:00,115.400392742,115.415302995,115.400392742,115.405362826,17236
2021-07-08 11:04:00,115.410332911,115.415302995,115.400392742,115.403772399,24594
2021-07-08 11:03:00,115.415402397,115.424249148,115.410332911,115.415302995,20205
2021-07-08 11:02:00,115.430213249,115.430213249,115.42027308,115.42911983,7642
2021-07-08 11:01:00,115.445123503,115.455063672,115.435183333,115.435183333,9966
2021-07-08 11:00:00,115.455063672,115.455063672,115.445620511,115.450093587,12268
2021-07-08 10:59:00,115.460033756,115.460033756,115.445123503,115.450093587,2304
2021-07-08 10:58:00,115.465003841,115.465003841,115.455063672,115.46321461,5495
2021-07-08 10:57:00,115.465003841,115.47494401,115.465003841,115.465003841,25761
2021-07-08 10:56:00,115.450093587,115.465003841,115.450093587,115.460033756,14853
2021-07-08 10:55:00,115.440153418,115.455063672,115.440153418,115.445123503,27536
2021-07-08 10:54:00,115.440153418,115.444725896,115.440153418,115.440153418,2215
2021-07-08 10:53:00,115.445123503,115.445123503,115.440153418,115.445123503,3273
2021-07-08 10:52:00,115.445123503,115.445123503,115.435183333,115.440153418,2975
2021-07-08 10:51:00,115.436972564,115.460033756,115.436972564,115.455063672,8405
2021-07-08 10:50:00,115.440153418,115.440153418,115.435183333,115.435282735,14118
2021-07-08 10:49:00,115.445123503,115.454069655,115.440153418,115.445123503,8839
2021-07-08 10:48:00,115.435183333,115.445123503,115.435183333,115.445123503,42887
2021-07-08 10:47:00,115.455063672,115.455063672,115.445123503,115.445123503,3529
2021-07-08 10:46:00,115.465003841,115.466494866,115.455063672,115.458045722,4779
2021-07-08 10:45:00,115.479914094,115.484884179,115.455063672,115.460033756,25894
2021-07-08 10:44:00,115.484884179,115.484884179,115.47494401,115.479914094,2696
2021-07-08 10:43:00,115.47494401,115.483890162,115.47494401,115.479914094,4555
2021-07-08 10:42:00,115.47494401,115.484884179,115.465202644,115.47494401,3342
2021-07-08 10:41:00,115.455063672,115.465103242,115.455063672,115.465003841,4126
2021-07-08 10:40:00,115.430213249,115.455063672,115.430213249,115.455063672,19458
2021-07-08 10:39:00,115.425243164,115.435183333,115.425243164,115.435183333,1652
2021-07-08 10:38:00,115.42673419,115.435083932,115.42027308,115.425243164,10750
2021-07-08 10:37:00,115.435183333,115.444129486,115.425243164,115.425243164,5747
2021-07-08 10:36:00,115.425243164,115.435183333,115.425243164,115.435183333,1762
2021-07-08 10:35:00,115.430213249,115.444527092,115.430213249,115.435183333,5244
2021-07-08 10:34:00,115.414607184,115.435183333,115.414607184,115.426833591,14299
2021-07-08 10:33:00,115.405362826,115.405362826,115.400392742,115.405362826,3970
2021-07-08 10:32:00,115.390452573,115.400392742,115.390452573,115.400392742,7627
2021-07-08 10:31:00,115.390452573,115.395422657,115.390452573,115.395422657,7511
2021-07-08 10:30:00,115.386973514,115.386973514,115.385482488,115.385482488,18830
2021-07-08 10:29:00,115.395422657,115.395422657,115.385482488,115.385482488,163477
2021-07-08 10:28:00,115.395422657,115.405362826,115.395422657,115.396913683,3516
2021-07-08 10:27:00,115.385482488,115.400392742,115.385482488,115.395422657,17983
2021-07-08 10:26:00,115.400392742,115.400392742,115.385482488,115.395323256,5103
2021-07-08 10:25:00,115.405362826,115.405362826,115.387569924,115.395422657,9361
2021-07-08 10:24:00,115.423056327,115.423056327,115.405462228,115.405462228,25118
2021-07-08 10:23:00,115.397013084,115.415302995,115.397013084,115.415302995,12634
2021-07-08 10:22:00,115.400392742,115.410332911,115.397013084,115.397013084,23322
2021-07-08 10:21:00,115.395422657,115.405362826,115.395422657,115.400392742,68946
2021-07-08 10:20:00,115.390452573,115.390452573,115.385482488,115.385482488,2763
2021-07-08 10:19:00,115.395422657,115.395422657,115.385482488,115.386078898,2083
2021-07-08 10:18:00,115.375542319,115.385482488,115.375542319,115.385482488,6822
2021-07-08 10:17:00,115.365701552,115.385383086,115.36560215,115.384488471,65121
2021-07-08 10:16:00,115.385482488,115.385482488,115.36560215,115.36560215,28864
2021-07-08 10:15:00,115.385482488,115.395422657,115.385482488,115.38558189,20251
2021-07-08 10:14:00,115.380512404,115.390452573,115.375542319,115.380512404,34481
2021-07-08 10:13:00,115.380512404,115.385084881,115.375542319,115.375542319,3989
2021-07-08 10:12:00,115.36560215,115.385383086,115.36560215,115.385383086,2535
2021-07-08 10:11:00,115.375542319,115.375542319,115.355661981,115.365502748,17761
2021-07-08 10:10:00,115.375542319,115.385482488,115.36560215,115.367291979,7751
2021-07-08 10:09:00,115.36560215,115.375542319,115.350691896,115.374051294,62859
2021-07-08 10:08:00,115.385482488,115.385482488,115.357153006,115.36560215,26700
2021-07-08 10:07:00,115.405362826,115.405362826,115.395422657,115.395422657,1125
2021-07-08 10:06:00,115.410332911,115.425243164,115.405362826,115.411625133,28852
2021-07-08 10:05:00,115.405362826,115.41261915,115.400392742,115.405362826,3725
2021-07-08 10:04:00,115.428225215,115.428225215,115.410332911,115.410332911,3851
2021-07-08 10:03:00,115.435183333,115.445123503,115.425243164,115.430213249,33587
2021-07-08 10:02:00,115.440153418,115.445123503,115.435183333,115.435978547,18932
2021-07-08 10:01:00,115.42027308,115.445123503,115.415800004,115.445123503,83690
2021-07-08 10:00:00,115.415302995,115.425243164,115.407549663,115.425243164,23305
2021-07-08 09:59:00,115.435183333,115.435183333,115.418583251,115.418583251,2830
2021-07-08 09:58:00,115.424249148,115.435183333,115.415302995,115.435183333,57695
2021-07-08 09:57:00,115.395422657,115.42027308,115.395422657,115.415302995,9575
2021-07-08 09:56:00,115.385482488,115.395422657,115.385482488,115.395422657,29159
2021-07-08 09:55:00,115.395422657,115.395422657,115.385482488,115.385482488,24142
2021-07-08 09:54:00,115.405362826,115.405362826,115.385482488,115.385482488,6554
2021-07-08 09:53:00,115.382898044,115.395422657,115.376536336,115.395422657,24718
2021-07-08 09:52:00,115.390452573,115.395422657,115.375542319,115.383991463,22782
2021-07-08 09:51:00,115.395422657,115.405362826,115.390452573,115.395422657,169525
2021-07-08 09:50:00,115.405362826,115.405362826,115.390452573,115.395323256,6603
2021-07-08 09:49:00,115.405362826,115.415302995,115.405362826,115.415302995,5521
2021-07-08 09:48:00,115.395422657,115.405362826,115.383991463,115.400392742,19179
2021-07-08 09:47:00,115.415302995,115.415302995,115.395422657,115.395422657,7601
2021-07-08 09:46:00,115.385482488,115.415302995,115.385482488,115.415302995,20746
2021-07-08 09:45:00,115.385482488,115.395323256,115.375542319,115.380512404,19487
2021-07-08 09:44:00,115.375542319,115.393633427,115.375542319,115.385482488,35308
2021-07-08 09:43:00,115.360632065,115.370572235,115.355661981,115.370572235,25607
2021-07-08 09:42:00,115.360632065,115.360632065,115.350691896,115.355661981,2814
2021-07-08 09:41:00,115.355661981,115.36560215,115.355661981,115.360632065,13825
2021-07-08 09:40:00,115.325841474,115.355661981,115.320871389,115.355661981,27640
2021-07-08 09:39:00,115.335781643,115.335781643,115.315901305,115.320871389,39835
2021-07-08 09:38:00,115.296020967,115.330811558,115.291050882,115.330811558,47522
2021-07-08 09:37:00,115.305961136,115.305961136,115.296020967,115.296020967,11956
2021-07-08 09:36:00,115.276140628,115.305961136,115.276140628,115.300991051,13982
2021-07-08 09:35:00,115.296020967,115.296020967,115.266200459,115.274351398,11709
2021-07-08 09:34:00,115.320871389,115.320871389,115.286080798,115.291050882,7135
2021-07-08 09:33:00,115.335781643,115.335781643,115.296020967,115.296020967,12464
2021-07-08 09:32:00,115.335781643,115.345721812,115.335781643,115.343435573,6251
2021-07-08 09:31:00,115.345721812,115.345721812,115.296020967,115.345721812,194643
2021-07-08 09:29:00,115.330811558,115.335781643,115.330811558,115.335781643,4700
2021-07-08 07:01:00,115.425243164,115.425243164,115.425243164,115.425243164,1001
2021-07-07 18:00:00,115.236379952,115.236379952,115.236379952,115.236379952,59200
2021-07-07 16:10:00,115.224153544,115.224153544,115.224153544,115.224153544,1294000
2021-07-07 16:00:00,115.241350037,115.25626029,115.236379952,115.25626029,81622
2021-07-07 15:59:00,115.246320121,115.25626029,115.241350037,115.246320121,19854
2021-07-07 15:58:00,115.251290206,115.25447106,115.246320121,115.246320121,4422
2021-07-07 15:57:00,115.261230375,115.264113024,115.246320121,115.251290206,28572
2021-07-07 15:56:00,115.261230375,115.264510631,115.25626029,115.25626029,10470
2021-07-07 15:55:00,115.25626029,115.266200459,115.25626029,115.258447128,10748
2021-07-07 15:54:00,115.261230375,115.266200459,115.25626029,115.25626029,9712
2021-07-07 15:53:00,115.254172855,115.25626029,115.246419523,115.25626029,17129
2021-07-07 15:52:00,115.251290206,115.25626029,115.246320121,115.25626029,10187
2021-07-07 15:51:00,115.251290206,115.25626029,115.246320121,115.251290206,5224
2021-07-07 15:50:00,115.251290206,115.25626029,115.246320121,115.246320121,4914
2021-07-07 15:49:00,115.251290206,115.256160889,115.246320121,115.246320121,4654
2021-07-07 15:48:00,115.251290206,115.25626029,115.246320121,115.251290206,6622
2021-07-07 15:47:00,115.246320121,115.25626029,115.246320121,115.251290206,6972
2021-07-07 15:46:00,115.245326104,115.246320121,115.241350037,115.241648242,10979
2021-07-07 15:45:00,115.241350037,115.246320121,115.241350037,115.246320121,6445
2021-07-07 15:44:00,115.246320121,115.246320121,115.238169183,115.238169183,2842
2021-07-07 15:43:00,115.241350037,115.246320121,115.236379952,115.246320121,2568
2021-07-07 15:42:00,115.244729694,115.246320121,115.244729694,115.246320121,3842
2021-07-07 15:41:00,115.25626029,115.25626029,115.241350037,115.246320121,54222
2021-07-07 15:40:00,115.246320121,115.255962085,115.246320121,115.255962085,2936
2021-07-07 15:39:00,115.251290206,115.253675846,115.246320121,115.251290206,5964
2021-07-07 15:38:00,115.246320121,115.252582428,115.246320121,115.252582428,2027
2021-07-07 15:37:00,115.251290206,115.255266273,115.246320121,115.251290206,5527
2021-07-07 15:36:00,115.246320121,115.25626029,115.246320121,115.251290206,33710
2021-07-07 15:35:00,115.246320121,115.25626029,115.246320121,115.251290206,8354
2021-07-07 15:34:00,115.246618326,115.251290206,115.246320121,115.246320121,4348
2021-07-07 15:33:00,115.251290206,115.251290206,115.246419523,115.246419523,2793
2021-07-07 15:32:00,115.246320121,115.251290206,115.241350037,115.251290206,21459
2021-07-07 15:31:00,115.241350037,115.246320121,115.236379952,115.241350037,45928
2021-07-07 15:30:00,115.241350037,115.246320121,115.237870978,115.241350037,12992
2021-07-07 15:29:00,115.241350037,115.241350037,115.241350037,115.241350037,1344
2021-07-07 15:28:00,115.236379952,115.246320121,115.236379952,115.241350037,38047
2021-07-07 15:27:00,115.241350037,115.244530891,115.236777559,115.238566789,1950
2021-07-07 15:26:00,115.241350037,115.241350037,115.240057815,115.241350037,1404
2021-07-07 15:25:00,115.242642259,115.244133284,115.239362003,115.244133284,1940
2021-07-07 15:24:00,115.241350037,115.241350037,115.237373969,115.237373969,4930
2021-07-07 15:23:00,115.241350037,115.246320121,115.241350037,115.241350037,37603
2021-07-07 15:22:00,115.241350037,115.244431489,115.241350037,115.244431489,1101
2021-07-07 15:21:00,115.236379952,115.246320121,115.236379952,115.241350037,50663
2021-07-07 15:20:00,115.241350037,115.242443455,115.238666191,115.241350037,5736
2021-07-07 15:19:00,115.24920277,115.251290206,115.236379952,115.236379952,3356
2021-07-07 15:18:00,115.246320121,115.256160889,115.246320121,115.256160889,742
2021-07-07 15:17:00,115.236379952,115.246320121,115.236379952,115.244829096,3014
2021-07-07 15:16:00,115.231409868,115.243835079,115.226439783,115.243835079,17595
2021-07-07 15:15:00,115.226539185,115.236379952,115.226439783,115.236379952,8701
2021-07-07 15:14:00,115.226539185,115.231409868,115.226439783,115.231409868,3345
2021-07-07 15:13:00,115.226439783,115.226439783,115.221469699,115.226439783,97876
2021-07-07 15:12:00,115.226439783,115.234888927,115.226439783,115.234888927,12337
2021-07-07 15:11:00,115.224948758,115.226439783,115.218686451,115.221469699,47720
2021-07-07 15:10:00,115.216499614,115.225147561,115.21152953,115.216499614,16986
2021-07-07 15:09:00,115.216499614,115.216499614,115.21152953,115.216499614,8320
2021-07-07 15:08:00,115.222761921,115.226439783,115.216499614,115.216499614,1304
2021-07-07 15:07:00,115.219481665,115.226439783,115.219481665,115.221469699,1213
2021-07-07 15:06:00,115.216499614,115.226439783,115.216499614,115.217493631,46239
2021-07-07 15:05:00,115.21152953,115.216499614,115.206559445,115.206559445,4038
2021-07-07 15:04:00,115.206559445,115.21152953,115.206559445,115.21152953,2936
2021-07-07 15:03:00,115.209839701,115.216499614,115.209839701,115.21152953,2536
2021-07-07 15:02:00,115.206559445,115.216499614,115.204273206,115.216499614,2540
2021-07-07 15:01:00,115.206559445,115.206559445,115.196619276,115.206559445,58332
2021-07-07 15:00:00,115.203378591,115.216499614,115.20158936,115.215008589,2811
2021-07-07 14:59:00,115.206559445,115.216499614,115.20158936,115.216499614,23283
2021-07-07 14:58:00,115.204869616,115.204869616,115.196619276,115.196619276,3172
2021-07-07 14:57:00,115.206559445,115.21152953,115.20158936,115.20158936,5405
2021-07-07 14:56:00,115.194333037,115.206559445,115.188269534,115.206559445,53002
2021-07-07 14:55:00,115.192345003,115.196619276,115.192345003,115.196619276,3366
2021-07-07 14:54:00,115.21152953,115.214312777,115.196619276,115.196619276,971
2021-07-07 14:53:00,115.21152953,115.214610982,115.206559445,115.21152953,12021
2021-07-07 14:52:00,115.21152953,115.216499614,115.206559445,115.208746282,18742
2021-07-07 14:51:00,115.196619276,115.21152953,115.196619276,115.21152953,86869
2021-07-07 14:50:00,115.191649191,115.196619276,115.188766542,115.188766542,2328
2021-07-07 14:49:00,115.198209703,115.20447201,115.196619276,115.196619276,3460
2021-07-07 14:48:00,115.20158936,115.206559445,115.199601327,115.204372608,5301
2021-07-07 14:47:00,115.196619276,115.196619276,115.188269534,115.196619276,83377
2021-07-07 14:46:00,115.186679107,115.196619276,115.181709022,115.196619276,4921
2021-07-07 14:45:00,115.206559445,115.206559445,115.186679107,115.186679107,12501
2021-07-07 14:44:00,115.212921153,115.212921153,115.206559445,115.21152953,2614
2021-07-07 14:43:00,115.216499614,115.218487648,115.20805047,115.216499614,4196
2021-07-07 14:42:00,115.224252946,115.224252946,115.21152953,115.217493631,24369
2021-07-07 14:41:00,115.226439783,115.231409868,115.218189443,115.218189443,4334
2021-07-07 14:40:00,115.206559445,115.231409868,115.206559445,115.226439783,7644
2021-07-07 14:39:00,115.20158936,115.21152953,115.196619276,115.206559445,13098
2021-07-07 14:38:00,115.20805047,115.20805047,115.196619276,115.204372608,5906
2021-07-07 14:37:00,115.21152953,115.214312777,115.206559445,115.206559445,8470
2021-07-07 14:36:00,115.21152953,115.216400212,115.206559445,115.206559445,5105
2021-07-07 14:35:00,115.21152953,115.215008589,115.21152953,115.215008589,1926
2021-07-07 14:34:00,115.199601327,115.206559445,115.198110301,115.206559445,7610
2021-07-07 14:33:00,115.206559445,115.215505597,115.196619276,115.203875599,13740
2021-07-07 14:32:00,115.214312777,115.214809785,115.206559445,115.214710384,2275
2021-07-07 14:31:00,115.218686451,115.226439783,115.216499614,115.216499614,916
2021-07-07 14:30:00,115.216499614,115.222960724,115.21152953,115.221469699,19687
2021-07-07 14:29:00,115.216499614,115.216499614,115.206559445,115.216499614,3092
2021-07-07 14:28:00,115.226439783,115.231409868,115.216499614,115.216499614,9764
2021-07-07 14:27:00,115.231409868,115.236379952,115.231409868,115.236379952,433
2021-07-07 14:26:00,115.221469699,115.226439783,115.217891238,115.226439783,27198
2021-07-07 14:25:00,115.229024227,115.231409868,115.217990639,115.221469699,93388
2021-07-07 14:24:00,115.232900893,115.234690123,115.226439783,115.234690123,1623
2021-07-07 14:23:00,115.241350037,115.241350037,115.227930809,115.231012261,5582
2021-07-07 14:22:00,115.236379952,115.241350037,115.236379952,115.236379952,4486
2021-07-07 14:21:00,115.222861322,115.236379952,115.216499614,115.236379952,15161
2021-07-07 14:20:00,115.221469699,115.226439783,115.221469699,115.226439783,1344
2021-07-07 14:19:00,115.216499614,115.218686451,115.216499614,115.21858705,4812
2021-07-07 14:18:00,115.221469699,115.226439783,115.219978673,115.223258929,2372
2021-07-07 14:17:00,115.221469699,115.221469699,115.206559445,115.216499614,5281
2021-07-07 14:16:00,115.241350037,115.245326104,115.225445766,115.226439783,12497
2021-07-07 14:15:00,115.245326104,115.251290206,115.239859011,115.240554823,7432
2021-07-07 14:14:00,115.246320121,115.246320121,115.24095243,115.241350037,5199
2021-07-07 14:13:00,115.241350037,115.246320121,115.241350037,115.245326104,1287
2021-07-07 14:12:00,115.241350037,115.254669863,115.241350037,115.244630293,9523
2021-07-07 14:11:00,115.246320121,115.246320121,115.236479354,115.238566789,12214
2021-07-07 14:10:00,115.236379952,115.251290206,115.236379952,115.241350037,6339
2021-07-07 14:09:00,115.236379952,115.246320121,115.226439783,115.236379952,7161
2021-07-07 14:08:00,115.216499614,115.236379952,115.21152953,115.236379952,1385
2021-07-07 14:07:00,115.210634914,115.226439783,115.20158936,115.216499614,9339
2021-07-07 14:06:00,115.216499614,115.226439783,115.197613293,115.21152953,8107
2021-07-07 14:05:00,115.246320121,115.251290206,115.231409868,115.236379952,10781
2021-07-07 14:04:00,115.214312777,115.256160889,115.214312777,115.256160889,11530
2021-07-07 14:03:00,115.236379952,115.236379952,115.196619276,115.216499614,11521
2021-07-07 14:02:00,115.216499614,115.226439783,115.196619276,115.216499614,83886
2021-07-07 14:01:00,115.216499614,115.216499614,115.196619276,115.216499614,14599
2021-07-07 14:00:00,115.236379952,115.244630293,115.226439783,115.226439783,5493
2021-07-07 13:59:00,115.226439783,115.226439783,115.221469699,115.226439783,3482
2021-07-07 13:58:00,115.226439783,115.231409868,115.226439783,115.226439783,11463
2021-07-07 13:57:00,115.216499614,115.226439783,115.216499614,115.217990639,8496
2021-07-07 13:56:00,115.226439783,115.226439783,115.218686451,115.218686451,10129
2021-07-07 13:55:00,115.236379952,115.236379952,115.236379952,115.236379952,514
2021-07-07 13:54:00,115.234292517,115.236379952,115.231409868,115.236379952,4492
2021-07-07 13:53:00,115.224650553,115.231409868,115.223358331,115.231409868,1228
2021-07-07 13:52:00,115.221469699,115.224650553,115.216499614,115.218686451,5368
2021-07-07 13:51:00,115.216499614,115.216499614,115.216499614,115.216499614,556
2021-07-07 13:50:00,115.21152953,115.220276878,115.21152953,115.220276878,6137
2021-07-07 13:49:00,115.214312777,115.214312777,115.208149872,115.208149872,1919
2021-07-07 13:48:00,115.206559445,115.216499614,115.206559445,115.208249274,2127
2021-07-07 13:47:00,115.206559445,115.216499614,115.206559445,115.206559445,1854
2021-07-07 13:46:00,115.204372608,115.206460043,115.1980109,115.203577394,6118
2021-07-07 13:45:00,115.196619276,115.196619276,115.194432439,115.194432439,494
2021-07-07 13:44:00,115.195327054,115.196619276,115.188865944,115.195128251,10876
2021-07-07 13:43:00,115.196619276,115.196619276,115.188170132,115.196619276,3558
2021-07-07 13:42:00,115.188170132,115.195128251,115.186679107,115.191649191,6546
2021-07-07 13:41:00,115.196619276,115.196619276,115.188865944,115.196619276,766
2021-07-07 13:40:00,115.198110301,115.204372608,115.196619276,115.196619276,3984
2021-07-07 13:39:00,115.196619276,115.20158936,115.196619276,115.20158936,1266
2021-07-07 13:38:00,115.196619276,115.197315088,115.188269534,115.197315088,3704
2021-07-07 13:37:00,115.186679107,115.194631242,115.186679107,115.190158166,12079
2021-07-07 13:36:00,115.205565428,115.205565428,115.1921462,115.1921462,4970
2021-07-07 13:35:00,115.196619276,115.196619276,115.196619276,115.196619276,765
2021-07-07 13:34:00,115.186679107,115.20158936,115.186679107,115.198507908,23078
2021-07-07 13:33:00,115.171768853,115.186679107,115.171768853,115.186679107,4689
2021-07-07 13:32:00,115.171768853,115.175744921,115.168587999,115.175744921,1631
2021-07-07 13:31:00,115.186679107,115.186679107,115.171768853,115.176738938,7217
2021-07-07 13:30:00,115.191649191,115.194830046,115.188368936,115.191649191,19356
2021-07-07 13:29:00,115.194730644,115.196619276,115.191649191,115.191649191,4157
2021-07-07 13:28:00,115.196519874,115.196519874,115.186679107,115.188865944,1910
2021-07-07 13:27:00,115.205466026,115.206460043,115.191649191,115.191649191,6996
2021-07-07 13:26:00,115.196619276,115.196619276,115.196619276,115.196619276,244
2021-07-07 13:25:00,115.20158936,115.20158936,115.20158936,115.20158936,613
2021-07-07 13:24:00,115.206559445,115.206559445,115.197116284,115.20158936,956
2021-07-07 13:23:00,115.206658847,115.210833718,115.206658847,115.210833718,881
2021-07-07 13:22:00,115.207553462,115.216400212,115.206957052,115.216400212,14770
2021-07-07 13:21:00,115.206559445,115.21152953,115.206559445,115.21152953,668
2021-07-07 13:20:00,115.216400212,115.216400212,115.206559445,115.21152953,3461
2021-07-07 13:19:00,115.20158936,115.206559445,115.20158936,115.206559445,7717
2021-07-07 13:18:00,115.196619276,115.204969018,115.196619276,115.20158936,13723
2021-07-07 13:17:00,115.196619276,115.196619276,115.186679107,115.186679107,1160
2021-07-07 13:16:00,115.206559445,115.206559445,115.188865944,115.191649191,1277
2021-07-07 13:15:00,115.206559445,115.206559445,115.206559445,115.206559445,3262
2021-07-07 13:14:00,115.204372608,115.206559445,115.204372608,115.206559445,468
2021-07-07 13:13:00,115.196619276,115.206559445,115.196619276,115.20506842,4920
2021-07-07 13:12:00,115.214312777,115.214312777,115.206559445,115.206559445,1839
2021-07-07 13:11:00,115.206559445,115.20805047,115.206559445,115.20805047,2621
2021-07-07 13:10:00,115.20158936,115.206559445,115.20158936,115.206559445,8864
2021-07-07 13:09:00,115.204372608,115.20506842,115.20099295,115.20099295,9362
2021-07-07 13:08:00,115.206559445,115.206559445,115.20158936,115.204372608,3797
2021-07-07 13:07:00,115.208746282,115.214312777,115.208746282,115.208746282,1254
2021-07-07 13:06:00,115.206559445,115.214312777,115.206559445,115.21152953,1376
2021-07-07 13:05:00,115.214312777,115.214412179,115.214312777,115.214412179,624
2021-07-07 13:04:00,115.216300811,115.216300811,115.206559445,115.21152953,10729
2021-07-07 13:03:00,115.206559445,115.216499614,115.206559445,115.206559445,5800
2021-07-07 13:02:00,115.206559445,115.21272235,115.206559445,115.206559445,4115
2021-07-07 13:01:00,115.208448077,115.214312777,115.206559445,115.206658847,4965
2021-07-07 13:00:00,115.21152953,115.215008589,115.21152953,115.21451158,1095
2021-07-07 12:59:00,115.218487648,115.221469699,115.210634914,115.21152953,1617
2021-07-07 12:58:00,115.221469699,115.224849356,115.217990639,115.221469699,4597
2021-07-07 12:57:00,115.216499614,115.216499614,115.216499614,115.216499614,264
2021-07-07 12:56:00,115.216499614,115.224252946,115.216499614,115.221469699,1085
2021-07-07 12:55:00,115.21152953,115.216499614,115.21152953,115.21152953,2661
2021-07-07 12:54:00,115.218686451,115.221469699,115.206559445,115.21152953,3303
2021-07-07 12:53:00,115.220674485,115.221469699,115.218487648,115.221469699,2028
2021-07-07 12:52:00,115.221469699,115.221469699,115.221469699,115.221469699,578
2021-07-07 12:51:00,115.226340381,115.226340381,115.216499614,115.224948758,1436
2021-07-07 12:50:00,115.221469699,115.221469699,115.217096024,115.218686451,1273
2021-07-07 12:49:00,115.234193115,115.234193115,115.226439783,115.226439783,818
2021-07-07 12:48:00,115.236379952,115.236379952,115.231409868,115.231409868,2522
2021-07-07 12:47:00,115.231409868,115.231409868,115.231409868,115.231409868,1052
2021-07-07 12:46:00,115.231409868,115.234888927,115.231409868,115.231409868,2767
2021-07-07 12:45:00,115.234193115,115.236379952,115.226439783,115.231111663,14340
2021-07-07 12:44:00,115.234292517,115.236379952,115.226439783,115.231409868,3181
2021-07-07 12:43:00,115.234789525,115.236379952,115.231409868,115.236379952,15251
2021-07-07 12:42:00,115.231409868,115.236379952,115.231409868,115.231906876,1962
2021-07-07 12:41:00,115.226439783,115.231409868,115.226439783,115.231409868,1073
2021-07-07 12:40:00,115.221469699,115.221469699,115.218686451,115.218686451,393
2021-07-07 12:39:00,115.226340381,115.226439783,115.216499614,115.226439783,4029
2021-07-07 12:38:00,115.226439783,115.226439783,115.220078075,115.220078075,6586
2021-07-07 12:37:00,115.221469699,115.221469699,115.218388246,115.218388246,1130
2021-07-07 12:36:00,115.222264912,115.226439783,115.217593033,115.226439783,7471
2021-07-07 12:35:00,115.216400212,115.221469699,115.216400212,115.221469699,1530
2021-07-07 12:34:00,115.216499614,115.216499614,115.208547479,115.216400212,1431
2021-07-07 12:33:00,115.21152953,115.21152953,115.21152953,115.21152953,287
2021-07-07 12:32:00,115.219382263,115.219382263,115.216499614,115.216499614,3653
2021-07-07 12:31:00,115.226439783,115.226439783,115.217493631,115.217493631,5107
2021-07-07 12:30:00,115.226439783,115.236379952,115.226439783,115.236379952,1635
2021-07-07 12:29:00,115.231409868,115.236379952,115.231409868,115.236379952,1199
2021-07-07 12:28:00,115.222463716,115.236379952,115.216599016,115.236379952,3952
2021-07-07 12:27:00,115.226439783,115.226439783,115.219581066,115.226439783,11909
2021-07-07 12:26:00,115.231409868,115.236379952,115.226439783,115.226439783,123581
2021-07-07 12:25:00,115.236379952,115.236379952,115.227930809,115.227930809,3083
2021-07-07 12:24:00,115.236379952,115.236379952,115.228427817,115.231409868,4213
2021-07-07 12:23:00,115.226439783,115.226439783,115.218487648,115.226439783,16734
2021-07-07 12:22:00,115.226439783,115.235385935,115.226439783,115.235385935,2981
2021-07-07 12:21:00,115.216499614,115.241350037,115.216499614,115.226439783,303430
2021-07-07 12:20:00,115.216499614,115.226439783,115.216499614,115.218686451,7511
2021-07-07 12:19:00,115.222960724,115.226439783,115.218686451,115.226439783,3912
2021-07-07 12:18:00,115.21152953,115.226439783,115.21152953,115.226439783,10195
2021-07-07 12:17:00,115.216499614,115.216599016,115.216499614,115.216599016,846
2021-07-07 12:16:00,115.226439783,115.226439783,115.216499614,115.221469699,7382
2021-07-07 12:15:00,115.226439783,115.231409868,115.221469699,115.231409868,20814
2021-07-07 12:14:00,115.224948758,115.226439783,115.221469699,115.226439783,1031
2021-07-07 12:13:00,115.226439783,115.234193115,115.208646881,115.216499614,11917
2021-07-07 12:12:00,115.22862662,115.234193115,115.226439783,115.226439783,7363
2021-07-07 12:11:00,115.246320121,115.246320121,115.236379952,115.236379952,5501
2021-07-07 12:10:00,115.240256618,115.241350037,115.237870978,115.241350037,2199
2021-07-07 12:09:00,115.243338071,115.24622072,115.243338071,115.244729694,2257
2021-07-07 12:08:00,115.246320121,115.246320121,115.238268584,115.244630293,918
2021-07-07 12:07:00,115.241350037,115.246320121,115.236678157,115.236678157,2815
2021-07-07 12:06:00,115.241350037,115.246320121,115.236379952,115.241350037,22690
2021-07-07 12:05:00,115.236479354,115.236479354,115.236479354,115.236479354,2966
2021-07-07 12:04:00,115.236379952,115.244829096,115.236379952,115.244829096,1024
2021-07-07 12:03:00,115.236379952,115.236379952,115.231409868,115.236379952,1419
2021-07-07 12:02:00,115.241151233,115.244928498,115.226439783,115.226439783,2085
2021-07-07 12:01:00,115.241350037,115.246320121,115.238268584,115.244829096,12415
2021-07-07 12:00:00,115.25626029,115.25626029,115.237870978,115.237870978,2296
2021-07-07 11:59:00,115.246419523,115.25626029,115.246320121,115.25626029,1765
2021-07-07 11:58:00,115.236479354,115.246320121,115.236479354,115.246320121,7802
2021-07-07 11:57:00,115.236379952,115.244829096,115.236379952,115.237373969,1353
2021-07-07 11:56:00,115.236379952,115.236479354,115.231409868,115.231409868,5815
2021-07-07 11:55:00,115.231409868,115.236081747,115.227930809,115.227930809,876
2021-07-07 11:54:00,115.226439783,115.236379952,115.226439783,115.229819441,3819
2021-07-07 11:53:00,115.221469699,115.228527219,115.221469699,115.226439783,2633
2021-07-07 11:52:00,115.221469699,115.224451749,115.216499614,115.221469699,3913
2021-07-07 11:51:00,115.216499614,115.224451749,115.216499614,115.224451749,738
2021-07-07 11:50:00,115.221469699,115.226340381,115.216499614,115.221469699,21776
2021-07-07 11:49:00,115.226439783,115.236379952,115.216499614,115.218090041,10703
2021-07-07 11:48:00,115.227930809,115.231409868,115.221469699,115.226439783,2403
2021-07-07 11:47:00,115.216499614,115.236379952,115.216499614,115.236379952,2701
2021-07-07 11:46:00,115.206559445,115.216499614,115.206559445,115.21152953,3222
2021-07-07 11:45:00,115.187673124,115.206559445,115.187673124,115.206559445,4802
2021-07-07 11:44:00,115.181709022,115.196619276,115.181709022,115.188667141,1784
2021-07-07 11:43:00,115.176738938,115.185386885,115.176738938,115.181709022,24822
2021-07-07 11:42:00,115.171768853,115.186679107,115.171768853,115.181709022,11300
2021-07-07 11:41:00,115.176738938,115.176738938,115.164611932,115.166798769,1569
2021-07-07 11:40:00,115.171768853,115.176738938,115.166798769,115.166798769,4187
2021-07-07 11:39:00,115.1568586,115.171768853,115.151888515,115.166798769,9090
2021-07-07 11:38:00,115.146918431,115.1568586,115.146918431,115.155864583,4837
2021-07-07 11:37:00,115.136978262,115.146918431,115.136978262,115.143041765,14761
2021-07-07 11:36:00,115.146918431,115.146918431,115.132008177,115.136978262,536
2021-07-07 11:35:00,115.148707661,115.166798769,115.148707661,115.151888515,5458
2021-07-07 11:34:00,115.155367574,115.1568586,115.148508858,115.149105268,14334
2021-07-07 11:33:00,115.1568586,115.161828684,115.146918431,115.146918431,11929
2021-07-07 11:32:00,115.146918431,115.1568586,115.146123217,115.1568586,2608
2021-07-07 11:31:00,115.151888515,115.151888515,115.141749543,115.146918431,5643
2021-07-07 11:30:00,115.146918431,115.155864583,115.146918431,115.151888515,14272
2021-07-07 11:29:00,115.161828684,115.161828684,115.151888515,115.151888515,2070
2021-07-07 11:28:00,115.176738938,115.178229963,115.166798769,115.166798769,33211
2021-07-07 11:27:00,115.151888515,115.176738938,115.151888515,115.176738938,7707
2021-07-07 11:26:00,115.1568586,115.1568586,115.146918431,115.1568586,20827
2021-07-07 11:25:00,115.146918431,115.1568586,115.146918431,115.151888515,3823
2021-07-07 11:24:00,115.141948346,115.146918431,115.132008177,115.141948346,16682
2021-07-07 11:23:00,115.146918431,115.153777147,115.136978262,115.141948346,32350
2021-07-07 11:22:00,115.176738938,115.176738938,115.141948346,115.146918431,53722
2021-07-07 11:21:00,115.186679107,115.186679107,115.168090991,115.168886204,6235
2021-07-07 11:20:00,115.196619276,115.196619276,115.186679107,115.191748593,14463
2021-07-07 11:19:00,115.191649191,115.194432439,115.188170132,115.188170132,1193
2021-07-07 11:18:00,115.20506842,115.20506842,115.191649191,115.196619276,4617
2021-07-07 11:17:00,115.198806113,115.20158936,115.198806113,115.20158936,876
2021-07-07 11:16:00,115.196619276,115.20158936,115.196619276,115.20158936,5228
2021-07-07 11:15:00,115.214412179,115.214412179,115.191649191,115.196619276,17852
2021-07-07 11:14:00,115.226439783,115.226439783,115.206559445,115.21152953,21363
2021-07-07 11:13:00,115.221469699,115.226439783,115.221469699,115.225048159,26378
2021-07-07 11:12:00,115.221469699,115.224252946,115.216499614,115.221469699,1612
2021-07-07 11:11:00,115.226439783,115.231409868,115.221469699,115.221469699,17556
2021-07-07 11:10:00,115.231409868,115.236379952,115.226439783,115.228924825,23558
2021-07-07 11:09:00,115.244232686,115.244829096,115.226439783,115.231409868,17713
2021-07-07 11:08:00,115.236379952,115.241350037,115.22862662,115.241350037,13878
2021-07-07 11:07:00,115.25626029,115.25626029,115.231409868,115.236379952,47393
2021-07-07 11:06:00,115.251290206,115.25626029,115.251290206,115.25447106,4869
2021-07-07 11:05:00,115.266200459,115.266200459,115.249302172,115.251290206,30368
2021-07-07 11:04:00,115.266200459,115.275444817,115.266200459,115.266200459,2726
2021-07-07 11:03:00,115.261230375,115.266200459,115.261230375,115.261230375,4659
2021-07-07 11:02:00,115.266200459,115.266200459,115.257254307,115.262522597,712
2021-07-07 11:01:00,115.266200459,115.274649603,115.266200459,115.267592083,4563
2021-07-07 11:00:00,115.25626029,115.266200459,115.251290206,115.261230375,2574
2021-07-07 10:59:00,115.241350037,115.251986018,115.241350037,115.251986018,15587
2021-07-07 10:58:00,115.246320121,115.246320121,115.236379952,115.24622072,6305
2021-07-07 10:57:00,115.242443455,115.246419523,115.238169183,115.246419523,2231
2021-07-07 10:56:00,115.246320121,115.254272257,115.246320121,115.246320121,2373
2021-07-07 10:55:00,115.251290206,115.251290206,115.236379952,115.241350037,30676
2021-07-07 10:54:00,115.261230375,115.265405246,115.248506958,115.248506958,3082
2021-07-07 10:53:00,115.266200459,115.276041227,115.266200459,115.266200459,13630
2021-07-07 10:52:00,115.257751316,115.276140628,115.257751316,115.275544218,5686
2021-07-07 10:51:00,115.25626029,115.25626029,115.251290206,115.25626029,4610
2021-07-07 10:50:00,115.246320121,115.25626029,115.246320121,115.25626029,6859
2021-07-07 10:49:00,115.281110713,115.281110713,115.251290206,115.251290206,13281
2021-07-07 10:48:00,115.277631654,115.281210115,115.277631654,115.281210115,541
2021-07-07 10:47:00,115.286080798,115.296020967,115.286080798,115.286080798,12025
2021-07-07 10:46:00,115.296020967,115.296020967,115.289361053,115.291050882,3419
2021-07-07 10:45:00,115.296020967,115.296020967,115.296020967,115.296020967,5316
2021-07-07 10:44:00,115.296020967,115.296020967,115.291050882,115.296020967,2995
2021-07-07 10:43:00,115.286080798,115.286080798,115.281110713,115.286080798,8405
2021-07-07 10:42:00,115.286080798,115.296020967,115.281110713,115.281110713,7850
2021-07-07 10:41:00,115.286080798,115.291050882,115.281110713,115.286080798,3017
2021-07-07 10:40:00,115.296020967,115.296020967,115.281110713,115.281110713,34880
2021-07-07 10:39:00,115.300195838,115.300991051,115.296020967,115.296020967,1509
2021-07-07 10:38:00,115.305961136,115.305961136,115.300991051,115.300991051,2931
2021-07-07 10:37:00,115.315901305,115.315901305,115.286080798,115.296020967,18291
2021-07-07 10:36:00,115.315901305,115.320871389,115.305961136,115.315901305,10071
2021-07-07 10:35:00,115.315901305,115.320871389,115.315901305,115.320871389,934
2021-07-07 10:34:00,115.31093122,115.318783954,115.305961136,115.315901305,14954
2021-07-07 10:33:00,115.296020967,115.315901305,115.296020967,115.305961136,6209
2021-07-07 10:32:00,115.296020967,115.300991051,115.287074814,115.296020967,16619
2021-07-07 10:31:00,115.286080798,115.296020967,115.286080798,115.291050882,2849
2021-07-07 10:30:00,115.286080798,115.286080798,115.278327466,115.281110713,14069
2021-07-07 10:29:00,115.305961136,115.305961136,115.296020967,115.296020967,3127
2021-07-07 10:28:00,115.286080798,115.305961136,115.286080798,115.305961136,10465
2021-07-07 10:27:00,115.286080798,115.296020967,115.286080798,115.286080798,4612
2021-07-07 10:26:00,115.284689174,115.286080798,115.276140628,115.281110713,3900
2021-07-07 10:25:00,115.28796943,115.28796943,115.276140628,115.276140628,3314
2021-07-07 10:24:00,115.296020967,115.296020967,115.296020967,115.296020967,19093
2021-07-07 10:23:00,115.286080798,115.294529941,115.284291567,115.291050882,2109
2021-07-07 10:22:00,115.284987379,115.286080798,115.276140628,115.281110713,5133
2021-07-07 10:21:00,115.265206442,115.281110713,115.261230375,115.281110713,6266
2021-07-07 10:20:00,115.262224392,115.262224392,115.25626029,115.25626029,1010
2021-07-07 10:19:00,115.25626029,115.261230375,115.25626029,115.261230375,931
2021-07-07 10:18:00,115.246320121,115.25626029,115.246320121,115.25626029,5249
2021-07-07 10:17:00,115.25626029,115.266200459,115.241350037,115.246320121,21367
2021-07-07 10:16:00,115.251290206,115.254769265,115.248308155,115.254769265,1214
2021-07-07 10:15:00,115.266200459,115.266200459,115.246320121,115.25626029,19227
2021-07-07 10:14:00,115.25626029,115.2744508,115.25626029,115.2744508,10267
2021-07-07 10:13:00,115.252284223,115.25626029,115.246320121,115.25626029,4409
2021-07-07 10:11:00,115.241350037,115.246320121,115.239362003,115.246320121,5390
2021-07-07 10:10:00,115.236379952,115.241350037,115.226439783,115.236379952,1642
2021-07-07 10:09:00,115.206559445,115.236379952,115.20158936,115.236379952,12728
2021-07-07 10:08:00,115.216499614,115.216499614,115.196619276,115.196619276,4685
2021-07-07 10:07:00,115.261230375,115.261230375,115.226439783,115.226439783,16757
2021-07-07 10:06:00,115.266200459,115.266299861,115.261230375,115.261230375,783
2021-07-07 10:05:00,115.246320121,115.276140628,115.246320121,115.276140628,19823
2021-07-07 10:04:00,115.251290206,115.251290206,115.244829096,115.246320121,2041
2021-07-07 10:03:00,115.246320121,115.25626029,115.246320121,115.25626029,14139
2021-07-07 10:02:00,115.237870978,115.25626029,115.236678157,115.25626029,3870
2021-07-07 10:01:00,115.246320121,115.263516614,115.241350037,115.241350037,8204
2021-07-07 10:00:00,115.242344054,115.246320121,115.236379952,115.246320121,4837
2021-07-07 09:59:00,115.236379952,115.241350037,115.236379952,115.237970379,4968
2021-07-07 09:58:00,115.236379952,115.236379952,115.231409868,115.236379952,15728
2021-07-07 09:57:00,115.247811147,115.254769265,115.236379952,115.236379952,2947
2021-07-07 09:56:00,115.246320121,115.25626029,115.240157216,115.246320121,52786
2021-07-07 09:55:00,115.254769265,115.254769265,115.251290206,115.251290206,1580
2021-07-07 09:54:00,115.246320121,115.25626029,115.246320121,115.251290206,16062
2021-07-07 09:53:00,115.241350037,115.246320121,115.226439783,115.236379952,22810
2021-07-07 09:52:00,115.246320121,115.246320121,115.241350037,115.246320121,5457
2021-07-07 09:51:00,115.216499614,115.236379952,115.216499614,115.236379952,9259
2021-07-07 09:50:00,115.236379952,115.236379952,115.216499614,115.216499614,8260
2021-07-07 09:49:00,115.236379952,115.236379952,115.226439783,115.236379952,12031
2021-07-07 09:48:00,115.221469699,115.236280551,115.221469699,115.226439783,3301
2021-07-07 09:47:00,115.206559445,115.226439783,115.20158936,115.216499614,20552
2021-07-07 09:46:00,115.206559445,115.206559445,115.196619276,115.206559445,7699
2021-07-07 09:45:00,115.181709022,115.21152953,115.176738938,115.206559445,13630
2021-07-07 09:44:00,115.176738938,115.196619276,115.176738938,115.186679107,14160
2021-07-07 09:43:00,115.166798769,115.176738938,115.156958001,115.175247912,17033
2021-07-07 09:42:00,115.146918431,115.176738938,115.146918431,115.166798769,12593
2021-07-07 09:41:00,115.141948346,115.146918431,115.136978262,115.146918431,9681
2021-07-07 09:40:00,115.118588949,115.146918431,115.118588949,115.136978262,47702
2021-07-07 09:39:00,115.127038093,115.127038093,115.122068008,115.122068008,13046
2021-07-07 09:38:00,115.112127839,115.117097923,115.110139805,115.117097923,4149
2021-07-07 09:37:00,115.097217585,115.117097923,115.092247501,115.117097923,23324
2021-07-07 09:36:00,115.077337247,115.097217585,115.070876137,115.097217585,23848
2021-07-07 09:35:00,115.067397078,115.082307332,115.057456909,115.072367163,29832
2021-07-07 09:34:00,115.077337247,115.077337247,115.067397078,115.067397078,6170
2021-07-07 09:33:00,115.087277416,115.096720577,115.072367163,115.072367163,4364
2021-07-07 09:32:00,115.087277416,115.092247501,115.077337247,115.092247501,11250
2021-07-07 09:31:00,115.136978262,115.136978262,115.092247501,115.097217585,229226
2021-07-07 09:29:00,115.127038093,115.132008177,115.127038093,115.132008177,5711
2021-07-07 09:15:00,114.908354373,114.908354373,114.908354373,114.908354373,100
2021-07-06 17:00:00,115.057456909,115.057456909,115.057456909,115.057456909,160
2021-07-06 16:16:00,115.027636402,115.027636402,115.027636402,115.027636402,286
2021-07-06 16:03:00,115.017994438,115.017994438,115.017994438,115.017994438,623
2021-07-06 16:01:00,115.037576571,115.037576571,115.037576571,115.037576571,4182
2021-07-06 16:00:00,115.037576571,115.057456909,115.037576571,115.057456909,113537
2021-07-06 15:59:00,115.042546655,115.046522723,115.037576571,115.037576571,55433
2021-07-06 15:58:00,115.042546655,115.04751674,115.037576571,115.042546655,109723
2021-07-06 15:57:00,115.042546655,115.042546655,115.037576571,115.042546655,132738
2021-07-06 15:56:00,115.042546655,115.047417338,115.037576571,115.042546655,51877
2021-07-06 15:55:00,115.029425632,115.04751674,115.027636402,115.042546655,65246
2021-07-06 15:54:00,115.032606486,115.037576571,115.028630419,115.028630419,8421
2021-07-06 15:53:00,115.032606486,115.037576571,115.032606486,115.037576571,7942
2021-07-06 15:52:00,115.02634418,115.032606486,115.022666317,115.030022042,26180
2021-07-06 15:51:00,115.027636402,115.036582554,115.017696233,115.025946573,23727
2021-07-06 15:50:00,115.032606486,115.037477169,115.027636402,115.027636402,13084
2021-07-06 15:49:00,115.04751674,115.04751674,115.027636402,115.032606486,24156
2021-07-06 15:48:00,115.042546655,115.047417338,115.037576571,115.037576571,14957
2021-07-06 15:47:00,115.047417338,115.047417338,115.037576571,115.042546655,8481
2021-07-06 15:46:00,115.047417338,115.04751674,115.037576571,115.037576571,12585
2021-07-06 15:45:00,115.042546655,115.04751674,115.037576571,115.037576571,33160
2021-07-06 15:44:00,115.033898708,115.042546655,115.027636402,115.042546655,26672
2021-07-06 15:43:00,115.037576571,115.037576571,115.029226829,115.034495119,10559
2021-07-06 15:42:00,115.027735804,115.032606486,115.027636402,115.027636402,3130
2021-07-06 15:41:00,115.037576571,115.037576571,115.027636402,115.032606486,9576
2021-07-06 15:40:00,115.022666317,115.037576571,115.022666317,115.029525034,18716
2021-07-06 15:39:00,115.017696233,115.027636402,115.017696233,115.022666317,7684
2021-07-06 15:38:00,115.027636402,115.027636402,115.017696233,115.017696233,3779
2021-07-06 15:37:00,115.022666317,115.027636402,115.017696233,115.023362129,17225
2021-07-06 15:36:00,115.012726148,115.022666317,115.012726148,115.017696233,49670
2021-07-06 15:35:00,115.002785979,115.012726148,114.997815895,115.012726148,19233
2021-07-06 15:34:00,114.997815895,115.007756064,114.99284581,115.007756064,17622
2021-07-06 15:33:00,114.997815895,115.002785979,114.99284581,114.997815895,6774
2021-07-06 15:32:00,115.002785979,115.007656662,114.997815895,114.997815895,12193
2021-07-06 15:31:00,115.002785979,115.007656662,114.997815895,114.997815895,7191
2021-07-06 15:30:00,115.002785979,115.007756064,114.997815895,115.007656662,12433
2021-07-06 15:29:00,115.002785979,115.00576803,115.002785979,115.003481791,2773
2021-07-06 15:28:00,115.007756064,115.007756064,115.002785979,115.004972816,1265
2021-07-06 15:27:00,115.000002732,115.007756064,114.997815895,115.007756064,21961
2021-07-06 15:26:00,115.002785979,115.007756064,115.002785979,115.007756064,8621
2021-07-06 15:25:00,115.002785979,115.007656662,114.997815895,115.007656662,3288
2021-07-06 15:24:00,115.002785979,115.007656662,115.000201535,115.000201535,16584
2021-07-06 15:23:00,114.990062563,115.002785979,114.990062563,115.002785979,5121
2021-07-06 15:22:00,114.987875726,114.997815895,114.987875726,114.997815895,4757
2021-07-06 15:21:00,114.997815895,114.997815895,114.987875726,114.987875726,46266
2021-07-06 15:20:00,114.997716493,114.997815895,114.99284581,114.995629057,7437
2021-07-06 15:19:00,114.997815895,114.997815895,114.989565554,114.995927263,10564
2021-07-06 15:18:00,114.99284581,114.995629057,114.991454186,114.99284581,5580
2021-07-06 15:17:00,114.996424271,114.996424271,114.989963161,114.99284581,2499
2021-07-06 15:16:00,114.99284581,114.997815895,114.987875726,114.997815895,3961
2021-07-06 15:15:00,114.99284581,114.997815895,114.988869743,114.99284581,28613
2021-07-06 15:14:00,114.978034958,114.997815895,114.978034958,114.987875726,9803
2021-07-06 15:13:00,114.982905641,114.987875726,114.97992359,114.987478119,2031
2021-07-06 15:12:00,114.982905641,114.987875726,114.977935557,114.980122394,7012
2021-07-06 15:11:00,114.997815895,114.997815895,114.987875726,114.987875726,4696
2021-07-06 15:10:00,114.997815895,114.997815895,114.99284581,114.99284581,2439
2021-07-06 15:09:00,114.99284581,114.997020681,114.99284581,114.997020681,2950
2021-07-06 15:08:00,114.994336836,114.997815895,114.989466153,114.989466153,7015
2021-07-06 15:07:00,114.997815895,114.997815895,114.987875726,114.997815895,1192
2021-07-06 15:06:00,114.997815895,114.997815895,114.987875726,114.997815895,3811
2021-07-06 15:05:00,114.997815895,114.997815895,114.990758375,114.992448203,3761
2021-07-06 15:04:00,115.002785979,115.007756064,114.987875726,114.99284581,3512
2021-07-06 15:03:00,114.994635041,115.002785979,114.99284581,115.002785979,4206
2021-07-06 15:02:00,114.977935557,114.99284581,114.977935557,114.99284581,19228
2021-07-06 15:01:00,114.977935557,114.982905641,114.977935557,114.977935557,12150
2021-07-06 15:00:00,114.967995387,114.972965472,114.958055218,114.972965472,6616
2021-07-06 14:59:00,114.963025303,114.967995387,114.958055218,114.967995387,49754
2021-07-06 14:58:00,114.963025303,114.963025303,114.963025303,114.963025303,301
2021-07-06 14:57:00,114.977935557,114.977935557,114.963025303,114.963025303,16337
2021-07-06 14:56:00,114.987875726,114.987875726,114.982905641,114.982905641,1536
2021-07-06 14:55:00,114.988869743,114.99284581,114.982905641,114.987875726,61556
2021-07-06 14:54:00,114.997815895,114.997815895,114.996324869,114.996324869,4239
2021-07-06 14:53:00,114.99284581,114.997815895,114.987875726,114.989764358,4965
2021-07-06 14:52:00,114.99284581,114.997815895,114.99284581,114.997815895,4077
2021-07-06 14:51:00,115.000002732,115.007756064,114.989366751,114.989366751,7910
2021-07-06 14:50:00,114.997815895,115.007756064,114.997815895,114.999505723,6244
2021-07-06 14:49:00,114.987875726,114.997815895,114.987875726,114.997815895,30305
2021-07-06 14:48:00,114.986881709,114.987875726,114.982905641,114.987875726,1384
2021-07-06 14:47:00,114.987875726,114.987875726,114.980917607,114.982905641,603
2021-07-06 14:46:00,114.987875726,114.987875726,114.982905641,114.983899658,2177
2021-07-06 14:45:00,115.002785979,115.002785979,114.987875726,114.987875726,29538
2021-07-06 14:44:00,115.002785979,115.007756064,114.997815895,115.006265038,4301
2021-07-06 14:43:00,114.998809912,115.007756064,114.998809912,115.005668628,1848
2021-07-06 14:42:00,114.997915296,115.007756064,114.997815895,114.997815895,4910
2021-07-06 14:41:00,114.997815895,115.002785979,114.997815895,114.997815895,982
2021-07-06 14:40:00,115.002785979,115.002785979,115.002785979,115.002785979,1431
2021-07-06 14:39:00,115.007756064,115.007756064,115.002785979,115.007756064,3702
2021-07-06 14:38:00,115.004774013,115.007756064,114.997815895,115.007756064,10877
2021-07-06 14:37:00,115.002785979,115.007756064,114.997815895,115.002785979,3493
2021-07-06 14:36:00,114.997815895,115.002785979,114.997815895,115.002785979,4769
2021-07-06 14:35:00,115.002785979,115.006463842,114.99930692,115.002785979,7688
2021-07-06 14:34:00,115.002785979,115.005271021,114.997815895,114.99930692,3714
2021-07-06 14:33:00,115.002785979,115.006762047,114.997815895,115.002785979,37442
2021-07-06 14:32:00,114.994237434,115.002785979,114.99284581,115.002785979,10023
2021-07-06 14:31:00,114.991454186,114.997815895,114.989963161,114.99284581,8060
2021-07-06 14:30:00,114.982905641,114.99344222,114.982905641,114.99344222,7650
2021-07-06 14:29:00,114.982905641,114.987875726,114.982905641,114.982905641,30495
2021-07-06 14:28:00,114.982905641,114.987875726,114.977935557,114.982905641,4223
2021-07-06 14:27:00,114.977935557,114.987875726,114.977935557,114.982905641,5721
2021-07-06 14:26:00,114.982905641,114.982905641,114.982905641,114.982905641,3018
2021-07-06 14:25:00,114.987875726,114.987875726,114.979227779,114.982905641,5869
2021-07-06 14:24:00,114.99284581,114.99284581,114.978034958,114.987776324,18459
2021-07-06 14:23:00,114.987875726,114.99284581,114.987875726,114.99284581,5243
2021-07-06 14:22:00,114.987875726,114.99284581,114.978929573,114.99284581,21233
2021-07-06 14:21:00,114.982905641,114.987875726,114.977935557,114.982905641,7399
2021-07-06 14:20:00,114.987875726,114.987875726,114.978034958,114.982905641,5017
2021-07-06 14:19:00,114.982905641,114.987875726,114.982905641,114.982905641,2797
2021-07-06 14:18:00,114.982905641,114.987875726,114.982905641,114.987875726,3086
2021-07-06 14:17:00,114.982905641,114.986881709,114.982905641,114.986881709,1497
2021-07-06 14:16:00,114.982905641,114.983104444,114.977935557,114.982508034,6695
2021-07-06 14:15:00,114.977935557,114.987875726,114.968094789,114.987875726,2238
2021-07-06 14:14:00,114.977935557,114.977935557,114.977935557,114.977935557,4653
2021-07-06 14:13:00,114.972965472,114.977935557,114.972965472,114.977935557,3023
2021-07-06 14:12:00,114.977935557,114.977935557,114.968890003,114.968890003,1064
2021-07-06 14:11:00,114.977935557,114.986285299,114.972965472,114.977935557,11034
2021-07-06 14:10:00,114.972170259,114.977935557,114.972170259,114.977935557,4861
2021-07-06 14:09:00,114.967995387,114.972965472,114.967995387,114.972965472,1800
2021-07-06 14:08:00,114.963025303,114.977935557,114.963025303,114.977935557,4902
2021-07-06 14:07:00,114.948115049,114.967995387,114.948115049,114.967995387,16238
2021-07-06 14:06:00,114.958055218,114.963025303,114.945530605,114.945530605,15877
2021-07-06 14:05:00,114.958055218,114.967995387,114.958055218,114.958055218,29185
2021-07-06 14:04:00,114.953085134,114.958055218,114.949109066,114.958055218,3373
2021-07-06 14:03:00,114.958055218,114.958055218,114.949407271,114.950003681,4042
2021-07-06 14:02:00,114.949606075,114.958055218,114.949606075,114.958055218,4016
2021-07-06 14:01:00,114.943144965,114.956564193,114.93817488,114.956564193,6862
2021-07-06 14:00:00,114.941156931,114.941156931,114.941156931,114.941156931,701
2021-07-06 13:59:00,114.948115049,114.948115049,114.938274282,114.948115049,4433
2021-07-06 13:58:00,114.943144965,114.948115049,114.928234711,114.948115049,9682
2021-07-06 13:57:00,114.948115049,114.953085134,114.948115049,114.948115049,6989
2021-07-06 13:56:00,114.963025303,114.963025303,114.948115049,114.948115049,5352
2021-07-06 13:55:00,114.963025303,114.967995387,114.962031286,114.965013337,3413
2021-07-06 13:54:00,114.963522311,114.967895986,114.963025303,114.96580855,12961
2021-07-06 13:53:00,114.963025303,114.967995387,114.958949834,114.963025303,1859
2021-07-06 13:52:00,114.967995387,114.976444531,114.963025303,114.963025303,10743
2021-07-06 13:51:00,114.975748719,114.977935557,114.970977438,114.976444531,2665
2021-07-06 13:50:00,114.979625385,114.982905641,114.968094789,114.976444531,11304
2021-07-06 13:49:00,114.977935557,114.986881709,114.977935557,114.982905641,8521
2021-07-06 13:48:00,114.967995387,114.977935557,114.967995387,114.977140343,2511
2021-07-06 13:47:00,114.963025303,114.977935557,114.963025303,114.977935557,46866
2021-07-06 13:46:00,114.967001371,114.967001371,114.963025303,114.963025303,7227
2021-07-06 13:45:00,114.967995387,114.967995387,114.959546244,114.967995387,16930
2021-07-06 13:44:00,114.966504362,114.966504362,114.959943851,114.963025303,3204
2021-07-06 13:43:00,114.967995387,114.967995387,114.958055218,114.963025303,3820
2021-07-06 13:42:00,114.967995387,114.967995387,114.958055218,114.967995387,3417
2021-07-06 13:41:00,114.967995387,114.967995387,114.958055218,114.967995387,2612
2021-07-06 13:40:00,114.967995387,114.967995387,114.958055218,114.967995387,5265
2021-07-06 13:39:00,114.967995387,114.967995387,114.958055218,114.967995387,13379
2021-07-06 13:38:00,114.967995387,114.972965472,114.958055218,114.967995387,11998
2021-07-06 13:37:00,114.967995387,114.977935557,114.967995387,114.976444531,3433
2021-07-06 13:36:00,114.967995387,114.967995387,114.960242056,114.960242056,9219
2021-07-06 13:35:00,114.967995387,114.967995387,114.963025303,114.967995387,963
2021-07-06 13:34:00,114.963025303,114.963025303,114.958055218,114.963025303,3233
2021-07-06 13:33:00,114.963025303,114.967200174,114.963025303,114.963025303,14290
2021-07-06 13:32:00,114.963025303,114.96580855,114.958055218,114.963025303,4359
2021-07-06 13:31:00,114.95815462,114.95815462,114.95815462,114.95815462,253
2021-07-06 13:30:00,114.958055218,114.958055218,114.948115049,114.958055218,25036
2021-07-06 13:29:00,114.967895986,114.967895986,114.950301887,114.951892314,23070
2021-07-06 13:28:00,114.958055218,114.967995387,114.958055218,114.963025303,18154
2021-07-06 13:27:00,114.949705476,114.958055218,114.949705476,114.958055218,5004
2021-07-06 13:26:00,114.948115049,114.948115049,114.948115049,114.948115049,7682
2021-07-06 13:25:00,114.943144965,114.956762996,114.943144965,114.948115049,14080
2021-07-06 13:24:00,114.928234711,114.93817488,114.928234711,114.93817488,2763
2021-07-06 13:23:00,114.933204796,114.936087445,114.928234711,114.928234711,11468
2021-07-06 13:22:00,114.93817488,114.943144965,114.93817488,114.93817488,15101
2021-07-06 13:21:00,114.943144965,114.947518639,114.943144965,114.946325819,955
2021-07-06 13:20:00,114.963025303,114.967995387,114.943144965,114.943144965,53889
2021-07-06 13:19:00,114.972965472,114.972965472,114.963025303,114.96580855,47999
2021-07-06 13:18:00,114.972965472,114.977836155,114.972070857,114.977836155,1757
2021-07-06 13:17:00,114.977935557,114.982905641,114.972965472,114.977935557,13245
2021-07-06 13:16:00,114.99284581,114.99284581,114.982905641,114.987875726,9713
2021-07-06 13:15:00,114.989267349,114.996324869,114.987875726,114.996324869,1034
2021-07-06 13:14:00,114.997815895,114.998511707,114.997815895,114.997815895,3356
2021-07-06 13:13:00,114.997815895,114.997815895,114.994933246,114.997815895,8814
2021-07-06 13:12:00,114.997815895,114.997815895,114.987875726,114.997815895,6186
2021-07-06 13:11:00,114.989366751,114.997815895,114.989366751,114.997815895,2450
2021-07-06 13:10:00,114.99284581,114.99284581,114.99284581,114.99284581,579
2021-07-06 13:09:00,114.99284581,114.99284581,114.987875726,114.987875726,867
2021-07-06 13:08:00,114.987875726,114.997815895,114.985490085,114.997815895,5525
2021-07-06 13:07:00,114.987875726,114.997815895,114.987875726,114.997815895,3833
2021-07-06 13:06:00,114.977935557,114.9863847,114.977935557,114.9863847,294
2021-07-06 13:05:00,114.995629057,114.997815895,114.987776324,114.987776324,7210
2021-07-06 13:04:00,114.997815895,114.997815895,114.989863759,114.989863759,3326
2021-07-06 13:03:00,115.012726148,115.012726148,114.997815895,114.997815895,16623
2021-07-06 13:02:00,115.017696233,115.017696233,115.007756064,115.012726148,4519
2021-07-06 13:01:00,115.015907002,115.017696233,115.012726148,115.017696233,4286
2021-07-06 13:00:00,115.017696233,115.017696233,115.012726148,115.012726148,2274
2021-07-06 12:59:00,115.025548966,115.025548966,115.017696233,115.017696233,5656
2021-07-06 12:58:00,115.027636402,115.027636402,115.01988307,115.022666317,1724
2021-07-06 12:57:00,115.019684267,115.027636402,115.019684267,115.022666317,8545
2021-07-06 12:56:00,115.017696233,115.026741787,115.017696233,115.017696233,15954
2021-07-06 12:55:00,115.019584865,115.019783668,115.019584865,115.019584865,1253
2021-07-06 12:54:00,115.022666317,115.027636402,115.01869025,115.019584865,9012
2021-07-06 12:53:00,115.022666317,115.026145377,115.022666317,115.025449565,8893
2021-07-06 12:52:00,115.022666317,115.023362129,115.019684267,115.022666317,37914
2021-07-06 12:51:00,115.017696233,115.025847171,115.017696233,115.022666317,11192
2021-07-06 12:50:00,115.027636402,115.027636402,115.022666317,115.027636402,8574
2021-07-06 12:49:00,115.029823239,115.034395717,115.027636402,115.032606486,8817
2021-07-06 12:48:00,115.037477169,115.037477169,115.029823239,115.030618453,5466
2021-07-06 12:47:00,115.032606486,115.037576571,115.028630419,115.032606486,33023
2021-07-06 12:46:00,115.027636402,115.032606486,115.027636402,115.032606486,4073
2021-07-06 12:45:00,115.022666317,115.027636402,115.022666317,115.027636402,17992
2021-07-06 12:44:00,115.027636402,115.027636402,115.022666317,115.027636402,1472
2021-07-06 12:43:00,115.022666317,115.027636402,115.017696233,115.027636402,5337
2021-07-06 12:42:00,115.019187258,115.022666317,115.019187258,115.022666317,757
2021-07-06 12:41:00,115.017696233,115.025548966,115.009942901,115.025548966,6136
2021-07-06 12:40:00,115.017696233,115.019684267,115.012726148,115.017696233,32570
2021-07-06 12:39:00,115.032606486,115.032606486,115.017696233,115.017696233,23593
2021-07-06 12:38:00,115.032606486,115.032606486,115.027636402,115.027636402,5807
2021-07-06 12:37:00,115.037576571,115.037576571,115.027636402,115.027636402,2492
2021-07-06 12:36:00,115.037576571,115.037576571,115.029823239,115.037576571,27557
2021-07-06 12:35:00,115.031115461,115.037576571,115.029226829,115.037576571,5021
2021-07-06 12:34:00,115.037477169,115.037576571,115.032606486,115.037576571,5501
2021-07-06 12:33:00,115.042546655,115.046423321,115.034992127,115.034992127,19718
2021-07-06 12:32:00,115.04751674,115.04751674,115.037576571,115.042546655,7435
2021-07-06 12:31:00,115.042546655,115.04751674,115.042546655,115.04751674,1380
2021-07-06 12:30:00,115.052486825,115.057456909,115.037576571,115.046025715,30375
2021-07-06 12:29:00,115.04751674,115.057456909,115.04751674,115.057456909,2699
2021-07-06 12:28:00,115.032606486,115.04751674,115.031811273,115.04751674,14092
2021-07-06 12:27:00,115.032606486,115.037576571,115.029226829,115.037576571,2034
2021-07-06 12:26:00,115.037576571,115.037576571,115.027636402,115.03459452,5373
2021-07-06 12:25:00,115.035389734,115.035389734,115.030419649,115.032606486,950
2021-07-06 12:24:00,115.037576571,115.037576571,115.028829222,115.032606486,1175
2021-07-06 12:23:00,115.037576571,115.042546655,115.037576571,115.037576571,7322
2021-07-06 12:22:00,115.042546655,115.042546655,115.042546655,115.042546655,2524
2021-07-06 12:21:00,115.042546655,115.042546655,115.037576571,115.037576571,628
2021-07-06 12:20:00,115.042546655,115.04751674,115.042546655,115.044534689,7342
2021-07-06 12:19:00,115.042546655,115.04751674,115.037576571,115.04751674,115111
2021-07-06 12:18:00,115.042546655,115.04751674,115.037576571,115.042546655,23304
2021-07-06 12:17:00,115.042546655,115.042546655,115.042546655,115.042546655,2249
2021-07-06 12:16:00,115.042546655,115.046025715,115.040558622,115.045329903,4353
2021-07-06 12:15:00,115.04632392,115.04751674,115.042546655,115.042546655,2514
2021-07-06 12:14:00,115.042546655,115.04751674,115.037576571,115.039763408,3149
2021-07-06 12:13:00,115.044634091,115.044634091,115.037576571,115.037576571,9537
2021-07-06 12:12:00,115.042546655,115.042546655,115.037576571,115.042546655,4615
2021-07-06 12:11:00,115.037576571,115.04751674,115.036085546,115.042646057,4931
2021-07-06 12:10:00,115.032606486,115.037576571,115.029127427,115.032606486,5865
2021-07-06 12:09:00,115.045230501,115.045926313,115.032606486,115.032606486,10998
2021-07-06 12:08:00,115.029624436,115.045826911,115.029624436,115.045429304,19219
2021-07-06 12:07:00,115.020678284,115.032606486,115.020678284,115.032606486,3040
2021-07-06 12:06:00,115.027636402,115.027636402,115.022666317,115.026841188,17497
2021-07-06 12:05:00,115.032606486,115.032606486,115.025449565,115.025449565,9470
2021-07-06 12:04:00,115.032606486,115.037576571,115.032606486,115.032606486,36821
2021-07-06 12:03:00,115.032606486,115.037576571,115.032606486,115.037576571,3098
2021-07-06 12:02:00,115.027636402,115.032606486,115.019783668,115.027636402,15547
2021-07-06 12:01:00,115.032606486,115.032606486,115.023560933,115.027636402,7563
2021-07-06 12:00:00,115.022666317,115.036383751,115.022666317,115.033501102,25093
2021-07-06 11:59:00,115.022666317,115.027636402,115.022666317,115.022666317,10697
2021-07-06 11:58:00,115.015509396,115.027636402,115.015509396,115.027636402,41985
2021-07-06 11:57:00,115.015509396,115.017696233,115.012726148,115.016801618,16722
2021-07-06 11:56:00,115.012726148,115.017696233,115.009942901,115.017696233,913
2021-07-06 11:55:00,115.007756064,115.017696233,115.007756064,115.017696233,1206
2021-07-06 11:54:00,115.007756064,115.007756064,115.00109615,115.007756064,3901
2021-07-06 11:53:00,115.017696233,115.022666317,115.007756064,115.007756064,18186
2021-07-06 11:52:00,115.012726148,115.017696233,115.007855465,115.012726148,84326
2021-07-06 11:51:00,115.007756064,115.012726148,115.002785979,115.012726148,9579
2021-07-06 11:50:00,115.002785979,115.006265038,114.999704527,115.006265038,17126
2021-07-06 11:49:00,115.002785979,115.006066235,114.997815895,115.002785979,53680
2021-07-06 11:48:00,115.002785979,115.007756064,114.997815895,115.002785979,56391
2021-07-06 11:47:00,114.99284581,115.002785979,114.987975127,115.000300937,118875
2021-07-06 11:46:00,114.987875726,114.997815895,114.977935557,114.989764358,124469
2021-07-06 11:45:00,115.006165637,115.006165637,114.987875726,114.987875726,3857
2021-07-06 11:44:00,115.007756064,115.007756064,114.997815895,115.007756064,4648
2021-07-06 11:43:00,115.012726148,115.013322558,115.007756064,115.007756064,5122
2021-07-06 11:42:00,115.017596831,115.017596831,115.009247089,115.012726148,763
2021-07-06 11:41:00,115.007756064,115.016702216,115.007756064,115.016702216,3942
2021-07-06 11:40:00,115.027636402,115.027636402,115.007756064,115.007756064,18670
2021-07-06 11:39:00,115.036085546,115.036085546,115.032606486,115.035389734,3931
2021-07-06 11:38:00,115.037576571,115.037576571,115.029127427,115.029127427,51170
2021-07-06 11:37:00,115.04751674,115.04751674,115.032606486,115.037576571,10778
2021-07-06 11:36:00,115.036582554,115.037675973,115.032606486,115.037675973,20086
2021-07-06 11:35:00,115.045329903,115.045329903,115.037576571,115.037576571,3023
2021-07-06 11:34:00,115.04751674,115.04751674,115.042546655,115.042546655,7283
2021-07-06 11:33:00,115.057456909,115.057456909,115.04751674,115.052486825,470
2021-07-06 11:32:00,115.057456909,115.057456909,115.052486825,115.052486825,6253
2021-07-06 11:31:00,115.04751674,115.057456909,115.04751674,115.057456909,7756
2021-07-06 11:30:00,115.067397078,115.067397078,115.052486825,115.052486825,3357
2021-07-06 11:29:00,115.065210241,115.067397078,115.062426994,115.067397078,1980
2021-07-06 11:28:00,115.057456909,115.062426994,115.057456909,115.062426994,2859
2021-07-06 11:27:00,115.057854516,115.067397078,115.049007765,115.057456909,4405
2021-07-06 11:26:00,115.067397078,115.067397078,115.065309643,115.067297676,1100
2021-07-06 11:25:00,115.056761097,115.067397078,115.056761097,115.062426994,2103
2021-07-06 11:24:00,115.057456909,115.057456909,115.055965884,115.055965884,1993
2021-07-06 11:23:00,115.067993488,115.067993488,115.067397078,115.067397078,1461
2021-07-06 11:22:00,115.074255795,115.077337247,115.074255795,115.077337247,9679
2021-07-06 11:21:00,115.062426994,115.067397078,115.058947934,115.067397078,8872
2021-07-06 11:20:00,115.052486825,115.065210241,115.049107167,115.065210241,4130
2021-07-06 11:19:00,115.042546655,115.052486825,115.042546655,115.052486825,22659
2021-07-06 11:18:00,115.038272383,115.038272383,115.037576571,115.037576571,19769
2021-07-06 11:17:00,115.056462892,115.057456909,115.042546655,115.042546655,6515
2021-07-06 11:16:00,115.077237846,115.077237846,115.057357507,115.057357507,6435
2021-07-06 11:15:00,115.082307332,115.082307332,115.077337247,115.077337247,24869
2021-07-06 11:14:00,115.088768442,115.097118184,115.077337247,115.080120495,4018
2021-07-06 11:13:00,115.079424683,115.092247501,115.079424683,115.092247501,7419
2021-07-06 11:12:00,115.087277416,115.092247501,115.077436649,115.077436649,4583
2021-07-06 11:11:00,115.068888103,115.085786391,115.068888103,115.085786391,5094
2021-07-06 11:10:00,115.077337247,115.077337247,115.067397078,115.067397078,2370
2021-07-06 11:09:00,115.075846222,115.077337247,115.069583915,115.077337247,9038
2021-07-06 11:08:00,115.067397078,115.077337247,115.066999471,115.077337247,5240
2021-07-06 11:07:00,115.065906053,115.067397078,115.058947934,115.067397078,9315
2021-07-06 11:06:00,115.057456909,115.067397078,115.047616142,115.065210241,11570
2021-07-06 11:05:00,115.072367163,115.072367163,115.052486825,115.052486825,11525
2021-07-06 11:04:00,115.087277416,115.087277416,115.067397078,115.072367163,17966
2021-07-06 11:03:00,115.089464253,115.093440321,115.087277416,115.087277416,1798
2021-07-06 11:02:00,115.107157754,115.107157754,115.097217585,115.097217585,6775
2021-07-06 11:01:00,115.112127839,115.117097923,115.105666729,115.110139805,4118
2021-07-06 11:00:00,115.098708611,115.112127839,115.097714594,115.112127839,27942
2021-07-06 10:59:00,115.107157754,115.112127839,115.097217585,115.10218767,39087
2021-07-06 10:58:00,115.107157754,115.117097923,115.10218767,115.107257156,22531
2021-07-06 10:57:00,115.107157754,115.117097923,115.097217585,115.099205619,28522
2021-07-06 10:56:00,115.087277416,115.107157754,115.087277416,115.107157754,114329
2021-07-06 10:55:00,115.088768442,115.09572656,115.087277416,115.087277416,1610
2021-07-06 10:54:00,115.097217585,115.097217585,115.087277416,115.092247501,6683
2021-07-06 10:53:00,115.107157754,115.107157754,115.097217585,115.097217585,16068
2021-07-06 10:52:00,115.10159126,115.117097923,115.10159126,115.107157754,45329
2021-07-06 10:51:00,115.097217585,115.107157754,115.088768442,115.10218767,8113
2021-07-06 10:50:00,115.097217585,115.10218767,115.092247501,115.092247501,61154
2021-07-06 10:49:00,115.087277416,115.096819979,115.077436649,115.096819979,10190
2021-07-06 10:48:00,115.092247501,115.095030748,115.077337247,115.087277416,27425
2021-07-06 10:47:00,115.092247501,115.097217585,115.087277416,115.087277416,15739
2021-07-06 10:46:00,115.077337247,115.088967245,115.077337247,115.088867843,45941
2021-07-06 10:45:00,115.067397078,115.087277416,115.067397078,115.077337247,17147
2021-07-06 10:44:00,115.057456909,115.067397078,115.052486825,115.067397078,93670
2021-07-06 10:43:00,115.055369474,115.057456909,115.04751674,115.057456909,18094
2021-07-06 10:42:00,115.052486825,115.057456909,115.052486825,115.057456909,52864
2021-07-06 10:41:00,115.04751674,115.057456909,115.04751674,115.052486825,8061
2021-07-06 10:40:00,115.036085546,115.04751674,115.02872982,115.042546655,5259
2021-07-06 10:39:00,115.04751674,115.04751674,115.032606486,115.037576571,16959
2021-07-06 10:38:00,115.062426994,115.062426994,115.042546655,115.04751674,11923
2021-07-06 10:37:00,115.057456909,115.076442632,115.057456909,115.057456909,18697
2021-07-06 10:36:00,115.04751674,115.057456909,115.04751674,115.055965884,4270
2021-07-06 10:35:00,115.067397078,115.067397078,115.04751674,115.04751674,10551
2021-07-06 10:34:00,115.057456909,115.067397078,115.052486825,115.067397078,13354
2021-07-06 10:33:00,115.04692033,115.057456909,115.04692033,115.057456909,12466
2021-07-06 10:32:00,115.037576571,115.04751674,115.032606486,115.04751674,18590
2021-07-06 10:31:00,115.04751674,115.057456909,115.04751674,115.04751674,35415
2021-07-06 10:30:00,115.04751674,115.04751674,115.032606486,115.04751674,33690
2021-07-06 10:29:00,115.077337247,115.087277416,115.052486825,115.057456909,30155
2021-07-06 10:28:00,115.097217585,115.097217585,115.077337247,115.077337247,38717
2021-07-06 10:27:00,115.077337247,115.092247501,115.072367163,115.092247501,68754
2021-07-06 10:26:00,115.065906053,115.077337247,115.057456909,115.077337247,12630
2021-07-06 10:25:00,115.067397078,115.077337247,115.057854516,115.062426994,26750
2021-07-06 10:24:00,115.122068008,115.122068008,115.062426994,115.067397078,60058
2021-07-06 10:23:00,115.127038093,115.127038093,115.112127839,115.117097923,15251
2021-07-06 10:22:00,115.115010488,115.132008177,115.107157754,115.127038093,59306
2021-07-06 10:21:00,115.107157754,115.117097923,115.10218767,115.108151771,16559
2021-07-06 10:20:00,115.132008177,115.132008177,115.10218767,115.104970917,8889
2021-07-06 10:19:00,115.127038093,115.136978262,115.127038093,115.132008177,120756
2021-07-06 10:18:00,115.10218767,115.127038093,115.10218767,115.127038093,3733
2021-07-06 10:17:00,115.107157754,115.114911086,115.092247501,115.10218767,84844
2021-07-06 10:16:00,115.082307332,115.107157754,115.082307332,115.107157754,76043
2021-07-06 10:15:00,115.065011438,115.077337247,115.057456909,115.077337247,37159
2021-07-06 10:14:00,115.066800668,115.067397078,115.057556311,115.067397078,10956
2021-07-06 10:13:00,115.087277416,115.087277416,115.067397078,115.067397078,8059
2021-07-06 10:12:00,115.072367163,115.087277416,115.067397078,115.087277416,22535
2021-07-06 10:11:00,115.057456909,115.068888103,115.052486825,115.067397078,11040
2021-07-06 10:10:00,115.04751674,115.067397078,115.042546655,115.057456909,35154
2021-07-06 10:09:00,115.067397078,115.072367163,115.04751674,115.04751674,87312
2021-07-06 10:08:00,115.077337247,115.087277416,115.067397078,115.072367163,69716
2021-07-06 10:07:00,115.057456909,115.097217585,115.057456909,115.087277416,44322
2021-07-06 10:06:00,115.002785979,115.04751674,115.002785979,115.04751674,17752
2021-07-06 10:05:00,114.982905641,114.997815895,114.982905641,114.997815895,17221
2021-07-06 10:04:00,114.987875726,114.987875726,114.977935557,114.978233762,16905
2021-07-06 10:03:00,114.987875726,115.007756064,114.982905641,114.987875726,80881
2021-07-06 10:02:00,115.002785979,115.002785979,114.977935557,114.987875726,16768
2021-07-06 10:01:00,114.958055218,114.997815895,114.958055218,114.997815895,76139
2021-07-06 10:00:00,114.958055218,114.963025303,114.949606075,114.958055218,12625
2021-07-06 09:59:00,114.958055218,114.967895986,114.949606075,114.953085134,6444
2021-07-06 09:58:00,114.963025303,114.977935557,114.958055218,114.958055218,153875
2021-07-06 09:57:00,114.953085134,114.963025303,114.948115049,114.963025303,23360
2021-07-06 09:56:00,114.953085134,114.958055218,114.953085134,114.953085134,57316
2021-07-06 09:55:00,114.939168897,114.956265988,114.939168897,114.948115049,74571
2021-07-06 09:54:00,114.93817488,114.958055218,114.93817488,114.943144965,81355
2021-07-06 09:53:00,114.93817488,114.943144965,114.933204796,114.933204796,4935
2021-07-06 09:52:00,114.928234711,114.93817488,114.92813531,114.93817488,15823
2021-07-06 09:51:00,114.908354373,114.933204796,114.908354373,114.923264627,65178
2021-07-06 09:50:00,114.908354373,114.908354373,114.900601041,114.900601041,6772
2021-07-06 09:49:00,114.898414204,114.908354373,114.888474035,114.908354373,20906
2021-07-06 09:48:00,114.89344412,114.908354373,114.888474035,114.908354373,136812
2021-07-06 09:47:00,114.88350395,114.896525572,114.88350395,114.888474035,7475
2021-07-06 09:46:00,114.89344412,114.898414204,114.888474035,114.888474035,10472
2021-07-06 09:45:00,114.888474035,114.898414204,114.888474035,114.898414204,19108
2021-07-06 09:44:00,114.881515917,114.888474035,114.868593697,114.888474035,58602
2021-07-06 09:43:00,114.88350395,114.888474035,114.878533866,114.888474035,22738
2021-07-06 09:42:00,114.853683443,114.888474035,114.853683443,114.888474035,57266
2021-07-06 09:41:00,114.853683443,114.858653528,114.848713359,114.853683443,83983
2021-07-06 09:40:00,114.870581731,114.878533866,114.853683443,114.853683443,39094
2021-07-06 09:39:00,114.868593697,114.878533866,114.868593697,114.873563781,1695
2021-07-06 09:38:00,114.878533866,114.888474035,114.877042841,114.878533866,6825
2021-07-06 09:37:00,114.868593697,114.88350395,114.868593697,114.874557798,64755
2021-07-06 09:36:00,114.873563781,114.888474035,114.868593697,114.878533866,11687
2021-07-06 09:35:00,114.878533866,114.885491984,114.873563781,114.878533866,19714
2021-07-06 09:34:00,114.865909851,114.878533866,114.858653528,114.878533866,5617
2021-07-06 09:33:00,114.884299164,114.884299164,114.858653528,114.858653528,32011
2021-07-06 09:32:00,114.863623612,114.873563781,114.853683443,114.873563781,14538
2021-07-06 09:31:00,114.818892852,114.858653528,114.818892852,114.858653528,220730
2021-07-06 09:24:00,114.808952682,114.808952682,114.808952682,114.808952682,531
2021-07-06 08:36:00,114.669790316,114.669790316,114.669790316,114.669790316,676
2021-07-02 16:13:00,114.603389986,114.603389986,114.603389986,114.603389986,2134
2021-07-02 16:00:00,114.659850147,114.679730485,114.649909977,114.679730485,90618
2021-07-02 15:59:00,114.659850147,114.659850147,114.654880062,114.659850147,9438
2021-07-02 15:58:00,114.659850147,114.659850147,114.651401003,114.651401003,11419
2021-07-02 15:57:00,114.658060916,114.659850147,114.654880062,114.659850147,45735
2021-07-02 15:56:00,114.649909977,114.659850147,114.649909977,114.659850147,8383
2021-07-02 15:55:00,114.658259719,114.658259719,114.649909977,114.649909977,6072
2021-07-02 15:54:00,114.659850147,114.659850147,114.649909977,114.649909977,37965
2021-07-02 15:53:00,114.654880062,114.659850147,114.650009379,114.655973481,8025
2021-07-02 15:52:00,114.654880062,114.659850147,114.649909977,114.659850147,4562
2021-07-02 15:51:00,114.659850147,114.659850147,114.651898011,114.659850147,2725
2021-07-02 15:50:00,114.654880062,114.659850147,114.649909977,114.659850147,13765
2021-07-02 15:49:00,114.659850147,114.659850147,114.649909977,114.654880062,7853
2021-07-02 15:48:00,114.650009379,114.659850147,114.649909977,114.659850147,9114
2021-07-02 15:47:00,114.659850147,114.659850147,114.650009379,114.659850147,11968
2021-07-02 15:46:00,114.651599806,114.659850147,114.649909977,114.659850147,6980
2021-07-02 15:45:00,114.659850147,114.659850147,114.654880062,114.654880062,3155
2021-07-02 15:44:00,114.649909977,114.659850147,114.649909977,114.65239502,21239
2021-07-02 15:43:00,114.649909977,114.659750745,114.649909977,114.654880062,6504
2021-07-02 15:42:00,114.654880062,114.659850147,114.649909977,114.649909977,4551
2021-07-02 15:41:00,114.654880062,114.659850147,114.650009379,114.650009379,1996
2021-07-02 15:40:00,114.659850147,114.659850147,114.649909977,114.654880062,6905
2021-07-02 15:39:00,114.659850147,114.659850147,114.649909977,114.649909977,4241
2021-07-02 15:38:00,114.659850147,114.659850147,114.649909977,114.652096815,5803
2021-07-02 15:37:00,114.641659637,114.659850147,114.641659637,114.654880062,10625
2021-07-02 15:36:00,114.642951859,114.649909977,114.642951859,114.649909977,1123
2021-07-02 15:35:00,114.64593391,114.649909977,114.644939893,114.649909977,6619
2021-07-02 15:34:00,114.649909977,114.649909977,114.644939893,114.649909977,6877
2021-07-02 15:33:00,114.649909977,114.649909977,114.649810576,114.649909977,12846
2021-07-02 15:32:00,114.649909977,114.649909977,114.64593391,114.649810576,16280
2021-07-02 15:31:00,114.649909977,114.649909977,114.642951859,114.646232115,70028
2021-07-02 15:30:00,114.644939893,114.649909977,114.639969808,114.64653032,43448
2021-07-02 15:29:00,114.644939893,114.649909977,114.644939893,114.645536303,4468
2021-07-02 15:28:00,114.644939893,114.649810576,114.642156646,114.649810576,3512
2021-07-02 15:27:00,114.649909977,114.649909977,114.649909977,114.649909977,649
2021-07-02 15:26:00,114.644939893,114.649909977,114.639969808,114.649512371,9672
2021-07-02 15:25:00,114.644939893,114.649909977,114.640963825,114.648418952,4292
2021-07-02 15:24:00,114.644939893,114.649909977,114.639969808,114.649909977,6264
2021-07-02 15:23:00,114.644343483,114.649909977,114.644343483,114.644939893,1146
2021-07-02 15:22:00,114.644939893,114.644939893,114.64006921,114.644939893,2635
2021-07-02 15:21:00,114.639969808,114.644939893,114.639969808,114.644939893,3147
2021-07-02 15:20:00,114.640963825,114.644939893,114.639969808,114.639969808,2049
2021-07-02 15:19:00,114.644939893,114.649909977,114.639969808,114.639969808,4100
2021-07-02 15:18:00,114.639969808,114.644939893,114.639969808,114.639969808,2337
2021-07-02 15:17:00,114.644939893,114.649909977,114.642156646,114.649909977,4551
2021-07-02 15:15:00,114.639969808,114.649114764,114.639969808,114.649114764,3837
2021-07-02 15:14:00,114.639969808,114.639969808,114.639870407,114.639870407,1914
2021-07-02 15:13:00,114.639969808,114.639969808,114.634999724,114.636391348,10057
2021-07-02 15:12:00,114.634999724,114.638975791,114.634701519,114.634999724,8544
2021-07-02 15:11:00,114.634999724,114.635397331,114.634999724,114.634999724,7847
2021-07-02 15:10:00,114.634999724,114.638478783,114.634999724,114.638478783,3310
2021-07-02 15:09:00,114.639969808,114.639969808,114.634999724,114.634999724,3390
2021-07-02 15:08:00,114.639969808,114.639969808,114.634999724,114.639969808,1994
2021-07-02 15:07:00,114.649810576,114.649810576,114.639969808,114.639969808,9754
2021-07-02 15:06:00,114.639969808,114.648915961,114.639969808,114.644840491,3347
2021-07-02 15:05:00,114.644939893,114.647524337,114.639969808,114.646033312,6990
2021-07-02 15:04:00,114.649909977,114.649909977,114.639969808,114.639969808,3803
2021-07-02 15:03:00,114.647822542,114.647822542,114.647623739,114.647623739,741
2021-07-02 15:02:00,114.649909977,114.649909977,114.642057244,114.642057244,3432
2021-07-02 15:01:00,114.639969808,114.649909977,114.639969808,114.649909977,5520
2021-07-02 15:00:00,114.639969808,114.639969808,114.639969808,114.639969808,8843
2021-07-02 14:59:00,114.634999724,114.639969808,114.630029639,114.634999724,4475
2021-07-02 14:58:00,114.634999724,114.634999724,114.634502715,114.634502715,3495
2021-07-02 14:57:00,114.634999724,114.638081176,114.630029639,114.630029639,3693
2021-07-02 14:56:00,114.637882373,114.638081176,114.630029639,114.634999724,3019
2021-07-02 14:55:00,114.633707502,114.635794937,114.630029639,114.630029639,1357
2021-07-02 14:54:00,114.631023656,114.634999724,114.630029639,114.630029639,3951
2021-07-02 14:53:00,114.634999724,114.639969808,114.630029639,114.639969808,15369
2021-07-02 14:52:00,114.634999724,114.634999724,114.634999724,114.634999724,9145
2021-07-02 14:51:00,114.649909977,114.649909977,114.639969808,114.639969808,9271
2021-07-02 14:50:00,114.649909977,114.654880062,114.649909977,114.649909977,12119
2021-07-02 14:49:00,114.659850147,114.659850147,114.649909977,114.651202199,6161
2021-07-02 14:48:00,114.654880062,114.659850147,114.649909977,114.654880062,2733
2021-07-02 14:47:00,114.649909977,114.649909977,114.649909977,114.649909977,2218
2021-07-02 14:46:00,114.654880062,114.654880062,114.654880062,114.654880062,931
2021-07-02 14:45:00,114.654880062,114.654880062,114.649909977,114.649909977,2157
2021-07-02 14:44:00,114.664820231,114.664820231,114.650009379,114.654880062,9315
2021-07-02 14:43:00,114.664820231,114.664820231,114.659850147,114.664820231,2040
2021-07-02 14:42:00,114.66770288,114.669790316,114.659850147,114.664820231,2157
2021-07-02 14:41:00,114.664820231,114.668100487,114.664820231,114.664820231,4026
2021-07-02 14:40:00,114.664820231,114.664820231,114.659850147,114.659850147,4327
2021-07-02 14:39:00,114.669790316,114.669790316,114.664820231,114.664820231,1980
2021-07-02 14:38:00,114.664124419,114.664820231,114.662136385,114.664820231,2623
2021-07-02 14:37:00,114.669392709,114.669790316,114.659850147,114.669690914,3773
2021-07-02 14:36:00,114.664820231,114.664820231,114.659850147,114.664820231,6544
2021-07-02 14:35:00,114.654880062,114.659850147,114.654880062,114.659850147,2735
2021-07-02 14:34:00,114.654880062,114.659850147,114.649909977,114.654880062,5075
2021-07-02 14:33:00,114.65945254,114.659850147,114.654880062,114.659850147,13244
2021-07-02 14:32:00,114.654880062,114.654880062,114.652892028,114.654880062,2819
2021-07-02 14:31:00,114.659850147,114.659850147,114.649909977,114.654880062,10355
2021-07-02 14:30:00,114.657066899,114.659850147,114.649909977,114.656470489,6799
2021-07-02 14:29:00,114.654880062,114.659750745,114.651997413,114.654880062,5375
2021-07-02 14:28:00,114.641063227,114.654880062,114.641063227,114.654880062,8854
2021-07-02 14:27:00,114.649909977,114.649909977,114.642057244,114.649909977,2639
2021-07-02 14:26:00,114.644939893,114.649909977,114.642057244,114.642057244,3714
2021-07-02 14:25:00,114.644939893,114.649909977,114.644939893,114.644939893,6636
2021-07-02 14:24:00,114.649412969,114.649909977,114.644939893,114.649313567,16770
2021-07-02 14:23:00,114.644939893,114.649909977,114.644939893,114.649909977,3325
2021-07-02 14:22:00,114.649909977,114.649909977,114.639969808,114.649909977,4457
2021-07-02 14:21:00,114.648915961,114.649909977,114.644939893,114.649909977,5481
2021-07-02 14:20:00,114.649810576,114.649909977,114.644939893,114.649909977,4080
2021-07-02 14:19:00,114.644939893,114.649909977,114.644939893,114.649909977,2230
2021-07-02 14:18:00,114.644939893,114.649114764,114.644939893,114.649114764,2584
2021-07-02 14:17:00,114.644939893,114.649909977,114.644939893,114.644939893,4039
2021-07-02 14:16:00,114.649909977,114.649909977,114.649909977,114.649909977,1463
2021-07-02 14:15:00,114.644939893,114.649909977,114.639969808,114.644939893,5178
2021-07-02 14:14:00,114.644939893,114.649909977,114.640963825,114.644939893,2092
2021-07-02 14:13:00,114.644939893,114.649909977,114.639969808,114.649909977,3032
2021-07-02 14:12:00,114.649909977,114.649909977,114.640963825,114.643647671,3110
2021-07-02 14:11:00,114.649909977,114.657762711,114.649909977,114.649909977,2589
2021-07-02 14:10:00,114.649909977,114.654880062,114.640963825,114.644939893,4601
2021-07-02 14:09:00,114.649909977,114.654880062,114.649909977,114.649909977,6566
2021-07-02 14:08:00,114.649909977,114.659353138,114.649909977,114.649909977,18282
2021-07-02 14:07:00,114.649909977,114.659850147,114.649909977,114.649909977,5017
2021-07-02 14:06:00,114.659850147,114.659850147,114.649909977,114.649909977,4243
2021-07-02 14:05:00,114.659850147,114.664820231,114.659850147,114.659850147,3546
2021-07-02 14:04:00,114.667603478,114.668199889,114.659850147,114.659850147,7579
2021-07-02 14:03:00,114.664820231,114.669790316,114.659850147,114.659850147,12863
2021-07-02 14:02:00,114.659850147,114.664820231,114.651401003,114.664820231,2034
2021-07-02 14:01:00,114.659850147,114.659850147,114.649909977,114.659850147,3343
2021-07-02 14:00:00,114.649909977,114.654880062,114.649909977,114.649909977,6678
2021-07-02 13:59:00,114.654880062,114.654880062,114.650804593,114.654880062,1990
2021-07-02 13:58:00,114.658060916,114.658060916,114.649909977,114.649909977,3520
2021-07-02 13:57:00,114.655575874,114.655575874,114.649909977,114.650804593,3441
2021-07-02 13:56:00,114.649909977,114.657762711,114.649909977,114.651997413,3466
2021-07-02 13:55:00,114.649909977,114.652096815,114.649909977,114.652096815,534
2021-07-02 13:54:00,114.649909977,114.659850147,114.644939893,114.659850147,5189
2021-07-02 13:53:00,114.641460834,114.649909977,114.641460834,114.649909977,1113
2021-07-02 13:52:00,114.644939893,114.644939893,114.644244081,114.644939893,3422
2021-07-02 13:51:00,114.639969808,114.644939893,114.639969808,114.639969808,7335
2021-07-02 13:50:00,114.639969808,114.649909977,114.639969808,114.648418952,3580
2021-07-02 13:49:00,114.639969808,114.644939893,114.639969808,114.639969808,39502
2021-07-02 13:48:00,114.649909977,114.649909977,114.644939893,114.644939893,4604
2021-07-02 13:47:00,114.644840491,114.648915961,114.640963825,114.641460834,3091
2021-07-02 13:46:00,114.644939893,114.649810576,114.640963825,114.640963825,3110
2021-07-02 13:45:00,114.630029639,114.648915961,114.630029639,114.648915961,17076
2021-07-02 13:44:00,114.622972119,114.630029639,114.622972119,114.630029639,3438
2021-07-02 13:43:00,114.627047589,114.630029639,114.620188872,114.630029639,6162
2021-07-02 13:42:00,114.630029639,114.630029639,114.625059555,114.630029639,8219
2021-07-02 13:41:00,114.625059555,114.629930238,114.620487077,114.625059555,954
2021-07-02 13:40:00,114.625059555,114.630029639,114.62008947,114.620586479,6910
2021-07-02 13:39:00,114.625059555,114.625059555,114.625059555,114.625059555,1215
2021-07-02 13:38:00,114.625059555,114.625059555,114.625059555,114.625059555,2974
2021-07-02 13:37:00,114.627942204,114.630029639,114.625059555,114.630029639,3225
2021-07-02 13:36:00,114.625059555,114.625059555,114.62008947,114.624264341,3424
2021-07-02 13:35:00,114.630029639,114.630029639,114.620188872,114.622176906,12019
2021-07-02 13:34:00,114.625059555,114.630029639,114.622276307,114.622276307,1955
2021-07-02 13:33:00,114.630029639,114.630029639,114.622276307,114.630029639,15607
2021-07-02 13:32:00,114.629135024,114.630029639,114.625059555,114.630029639,2821
2021-07-02 13:31:00,114.625059555,114.630029639,114.62008947,114.628439212,7120
2021-07-02 13:30:00,114.610149301,114.625059555,114.610149301,114.625059555,22577
2021-07-02 13:29:00,114.612037933,114.615119386,114.612037933,114.615119386,3560
2021-07-02 13:28:00,114.619990069,114.619990069,114.61362836,114.61362836,2306
2021-07-02 13:27:00,114.615119386,114.619592462,114.615119386,114.619592462,924
2021-07-02 13:26:00,114.62008947,114.62008947,114.612336138,114.615119386,1501
2021-07-02 13:25:00,114.62008947,114.625059555,114.62008947,114.62008947,2139
2021-07-02 13:24:00,114.62008947,114.625059555,114.62008947,114.62008947,2485
2021-07-02 13:23:00,114.62008947,114.625059555,114.62008947,114.62008947,5254
2021-07-02 13:22:00,114.629930238,114.629930238,114.62008947,114.62008947,2390
2021-07-02 13:21:00,114.62008947,114.630029639,114.62008947,114.630029639,3375
2021-07-02 13:20:00,114.62008947,114.627842802,114.62008947,114.627842802,13395
2021-07-02 13:19:00,114.614423574,114.619393658,114.610149301,114.615119386,615
2021-07-02 13:18:00,114.628439212,114.630029639,114.62008947,114.62008947,10820
2021-07-02 13:17:00,114.62008947,114.625059555,114.62008947,114.625059555,42980
2021-07-02 13:16:00,114.630029639,114.630029639,114.629930238,114.630029639,13978
2021-07-02 13:15:00,114.632216477,114.632216477,114.630029639,114.630029639,2696
2021-07-02 13:14:00,114.639969808,114.639969808,114.630029639,114.634999724,4114
2021-07-02 13:13:00,114.645635705,114.645635705,114.639969808,114.643846474,4241
2021-07-02 13:12:00,114.634999724,114.639969808,114.630129041,114.639969808,16163
2021-07-02 13:11:00,114.634999724,114.639969808,114.630029639,114.630029639,2897
2021-07-02 13:10:00,114.639870407,114.639969808,114.638776988,114.639969808,768
2021-07-02 13:09:00,114.631520665,114.639969808,114.631520665,114.639969808,1767
2021-07-02 13:08:00,114.639969808,114.639969808,114.639969808,114.639969808,3337
2021-07-02 13:07:00,114.634999724,114.639969808,114.631620066,114.63301169,3767
2021-07-02 13:06:00,114.629930238,114.637782971,114.625059555,114.63768357,8851
2021-07-02 13:05:00,114.627047589,114.628538614,114.62008947,114.62008947,2945
2021-07-02 13:04:00,114.625059555,114.627842802,114.62008947,114.62008947,14588
2021-07-02 13:03:00,114.62008947,114.628240409,114.62008947,114.62008947,6715
2021-07-02 13:02:00,114.630029639,114.630029639,114.625059555,114.625059555,1980
2021-07-02 13:01:00,114.630029639,114.634999724,114.630029639,114.630029639,4919
2021-07-02 13:00:00,114.610149301,114.630029639,114.610149301,114.628538614,10466
2021-07-02 12:59:00,114.62008947,114.630029639,114.62008947,114.62008947,6995
2021-07-02 12:58:00,114.62008947,114.621779299,114.62008947,114.621779299,4300
2021-07-02 12:57:00,114.615119386,114.616212804,114.615119386,114.616212804,805
2021-07-02 12:56:00,114.625059555,114.630029639,114.618399642,114.62008947,9397
2021-07-02 12:55:00,114.625059555,114.628439212,114.62008947,114.622176906,6320
2021-07-02 12:54:00,114.625059555,114.630029639,114.62008947,114.630029639,11889
2021-07-02 12:53:00,114.630029639,114.630029639,114.62416494,114.62416494,1568
2021-07-02 12:52:00,114.622276307,114.629830836,114.622276307,114.629830836,2815
2021-07-02 12:51:00,114.630029639,114.634999724,114.623071521,114.625059555,10216
2021-07-02 12:50:00,114.639969808,114.639969808,114.630029639,114.638478783,1923
2021-07-02 12:49:00,114.633806904,114.639969808,114.630029639,114.630029639,4488
2021-07-02 12:48:00,114.632117075,114.639969808,114.630029639,114.630029639,25553
2021-07-02 12:47:00,114.615119386,114.630029639,114.615119386,114.630029639,8210
2021-07-02 12:46:00,114.619393658,114.61949306,114.615119386,114.615119386,3664
2021-07-02 12:45:00,114.610149301,114.610149301,114.601700158,114.610149301,6479
2021-07-02 12:44:00,114.600209132,114.610149301,114.600209132,114.610149301,3314
2021-07-02 12:43:00,114.607962464,114.610149301,114.603191183,114.605179217,2970
2021-07-02 12:42:00,114.600209132,114.609254686,114.600209132,114.607962464,3471
2021-07-02 12:41:00,114.601203149,114.605179217,114.601203149,114.605179217,928
2021-07-02 12:40:00,114.600209132,114.6100499,114.600209132,114.601700158,1833
2021-07-02 12:39:00,114.600209132,114.605179217,114.600209132,114.600209132,14155
2021-07-02 12:38:00,114.600209132,114.600209132,114.600209132,114.600209132,1829
2021-07-02 12:37:00,114.600209132,114.600209132,114.590268963,114.600209132,1393
2021-07-02 12:36:00,114.600209132,114.608658276,114.595239048,114.595239048,14381
2021-07-02 12:35:00,114.600209132,114.600209132,114.591759988,114.591759988,6123
2021-07-02 12:34:00,114.590268963,114.600209132,114.590268963,114.5924558,7743
2021-07-02 12:33:00,114.5924558,114.598022295,114.590268963,114.590268963,23428
2021-07-02 12:32:00,114.590268963,114.595239048,114.590268963,114.595239048,2066
2021-07-02 12:31:00,114.600209132,114.600209132,114.590268963,114.600209132,3269
2021-07-02 12:30:00,114.595239048,114.595239048,114.590268963,114.595239048,2289
2021-07-02 12:29:00,114.592157595,114.597227081,114.592157595,114.597227081,732
2021-07-02 12:28:00,114.590268963,114.600209132,114.586292895,114.600209132,10086
2021-07-02 12:27:00,114.585100075,114.590268963,114.585100075,114.590169561,3980
2021-07-02 12:26:00,114.580328794,114.590268963,114.580328794,114.590268963,953
2021-07-02 12:25:00,114.580328794,114.580328794,114.573171872,114.580328794,4982
2021-07-02 12:24:00,114.580328794,114.589274946,114.580328794,114.580328794,2972
2021-07-02 12:23:00,114.590268963,114.590268963,114.580328794,114.580328794,4285
2021-07-02 12:22:00,114.588082126,114.590268963,114.580328794,114.590268963,6900
2021-07-02 12:21:00,114.580328794,114.585298879,114.580328794,114.581819819,2690
2021-07-02 12:20:00,114.580328794,114.585298879,114.575358709,114.580328794,3989
2021-07-02 12:19:00,114.580328794,114.585696485,114.580328794,114.580328794,13023
2021-07-02 12:18:00,114.580328794,114.580328794,114.575358709,114.575358709,14725
2021-07-02 12:17:00,114.580328794,114.580328794,114.580328794,114.580328794,262
2021-07-02 12:16:00,114.580328794,114.585298879,114.57187965,114.580328794,15703
2021-07-02 12:15:00,114.580328794,114.586392297,114.580328794,114.580328794,4898
2021-07-02 12:14:00,114.580328794,114.580328794,114.580328794,114.580328794,1565
2021-07-02 12:13:00,114.580328794,114.585298879,114.580328794,114.580328794,1941
2021-07-02 12:12:00,114.580328794,114.590268963,114.580328794,114.580328794,6179
2021-07-02 12:11:00,114.590268963,114.590268963,114.580328794,114.580328794,7524
2021-07-02 12:10:00,114.590268963,114.590268963,114.590268963,114.590268963,1449
2021-07-02 12:09:00,114.580328794,114.590268963,114.580328794,114.590268963,3619
2021-07-02 12:08:00,114.590268963,114.590268963,114.585298879,114.590268963,9067
2021-07-02 12:07:00,114.585298879,114.590268963,114.585298879,114.589274946,1817
2021-07-02 12:06:00,114.590268963,114.590268963,114.580328794,114.582515631,3131
2021-07-02 12:05:00,114.590268963,114.590268963,114.590268963,114.590268963,12739
2021-07-02 12:04:00,114.590268963,114.600209132,114.590268963,114.594543236,7447
2021-07-02 12:03:00,114.600209132,114.600209132,114.590268963,114.590268963,25779
2021-07-02 12:02:00,114.590268963,114.600209132,114.585298879,114.599612722,16312
2021-07-02 12:01:00,114.585298879,114.590268963,114.585298879,114.590268963,2369
2021-07-02 12:00:00,114.589274946,114.589274946,114.580328794,114.585597084,6513
2021-07-02 11:59:00,114.587386314,114.590268963,114.580328794,114.580328794,9402
2021-07-02 11:58:00,114.585298879,114.585298879,114.585298879,114.585298879,1519
2021-07-02 11:57:00,114.590268963,114.590268963,114.585298879,114.590268963,24104
2021-07-02 11:56:00,114.572575462,114.588479733,114.570488027,114.588082126,15206
2021-07-02 11:55:00,114.572575462,114.580328794,114.570488027,114.575159906,16206
2021-07-02 11:54:00,114.580328794,114.580328794,114.570388625,114.570388625,2827
2021-07-02 11:53:00,114.590268963,114.60010973,114.585298879,114.585298879,9194
2021-07-02 11:52:00,114.597823492,114.600209132,114.590567168,114.592356399,1598
2021-07-02 11:51:00,114.580825802,114.590268963,114.580825802,114.590268963,13811
2021-07-02 11:50:00,114.580328794,114.590268963,114.580328794,114.590268963,933
2021-07-02 11:49:00,114.590268963,114.590268963,114.590169561,114.590268963,17509
2021-07-02 11:48:00,114.600209132,114.600209132,114.590268963,114.590268963,3442
2021-07-02 11:47:00,114.5924558,114.600209132,114.591759988,114.600209132,1010
2021-07-02 11:46:00,114.600209132,114.600209132,114.598718107,114.598718107,10044
2021-07-02 11:45:00,114.590765972,114.600209132,114.590268963,114.595239048,18320
2021-07-02 11:44:00,114.593748022,114.600209132,114.593748022,114.600209132,4716
2021-07-02 11:43:00,114.595239048,114.600209132,114.595239048,114.600209132,18037
2021-07-02 11:42:00,114.600209132,114.600209132,114.590268963,114.599215115,8020
2021-07-02 11:41:00,114.585298879,114.599314517,114.585298879,114.599314517,16588
2021-07-02 11:40:00,114.585298879,114.590268963,114.581322811,114.581322811,3432
2021-07-02 11:39:00,114.582217426,114.590169561,114.580328794,114.584702468,7904
2021-07-02 11:38:00,114.580328794,114.588082126,114.580328794,114.588082126,652
2021-07-02 11:37:00,114.581819819,114.590169561,114.581819819,114.585298879,3452
2021-07-02 11:36:00,114.580328794,114.587783921,114.580328794,114.587783921,726
2021-07-02 11:35:00,114.599215115,114.599215115,114.580328794,114.580328794,17687
2021-07-02 11:34:00,114.595239048,114.600209132,114.595239048,114.595934859,7087
2021-07-02 11:33:00,114.595239048,114.600209132,114.590268963,114.595239048,2945
2021-07-02 11:32:00,114.595239048,114.60010973,114.592058194,114.592058194,1679
2021-07-02 11:31:00,114.600209132,114.600209132,114.592754005,114.595239048,19102
2021-07-02 11:30:00,114.585298879,114.600209132,114.585298879,114.600209132,21162
2021-07-02 11:29:00,114.580328794,114.590268963,114.580328794,114.589871356,5343
2021-07-02 11:28:00,114.580328794,114.590268963,114.580328794,114.590268963,5585
2021-07-02 11:27:00,114.580328794,114.580328794,114.570388625,114.578837769,28258
2021-07-02 11:26:00,114.585298879,114.589374348,114.580328794,114.581621016,2194
2021-07-02 11:25:00,114.580328794,114.590268963,114.580328794,114.590268963,1808
2021-07-02 11:24:00,114.587286912,114.589076143,114.587286912,114.589076143,4214
2021-07-02 11:23:00,114.598718107,114.598718107,114.585298879,114.585298879,3767
2021-07-02 11:22:00,114.601700158,114.601700158,114.600209132,114.600209132,13539
2021-07-02 11:21:00,114.608658276,114.608658276,114.600209132,114.608658276,17356
2021-07-02 11:20:00,114.610149301,114.610149301,114.605179217,114.605179217,6459
2021-07-02 11:19:00,114.615119386,114.615119386,114.608658276,114.608658276,17238
2021-07-02 11:18:00,114.615119386,114.618101436,114.610149301,114.615119386,4637
2021-07-02 11:17:00,114.62008947,114.62008947,114.615119386,114.615119386,1625
2021-07-02 11:16:00,114.610149301,114.611739728,114.605179217,114.611739728,5137
2021-07-02 11:15:00,114.603290585,114.610149301,114.601700158,114.605179217,10026
2021-07-02 11:14:00,114.610149301,114.610149301,114.601103747,114.610149301,12094
2021-07-02 11:13:00,114.610149301,114.610149301,114.605179217,114.6100499,925
2021-07-02 11:12:00,114.606869045,114.610149301,114.600209132,114.610149301,19281
2021-07-02 11:11:00,114.600209132,114.605179217,114.600209132,114.605179217,20648
2021-07-02 11:10:00,114.595239048,114.600209132,114.591759988,114.600209132,9861
2021-07-02 11:09:00,114.591759988,114.600209132,114.591759988,114.595239048,3786
2021-07-02 11:08:00,114.600209132,114.600209132,114.594046227,114.595239048,2892
2021-07-02 11:07:00,114.600209132,114.600209132,114.590268963,114.598419902,4366
2021-07-02 11:06:00,114.595239048,114.600209132,114.590268963,114.600209132,16782
2021-07-02 11:05:00,114.600209132,114.600209132,114.591759988,114.595239048,9932
2021-07-02 11:04:00,114.591759988,114.600209132,114.591759988,114.595239048,5844
2021-07-02 11:03:00,114.598519303,114.600209132,114.594145629,114.594145629,8283
2021-07-02 11:02:00,114.585298879,114.595239048,114.585298879,114.590268963,18219
2021-07-02 11:01:00,114.590268963,114.590268963,114.580328794,114.585298879,67791
2021-07-02 11:00:00,114.600209132,114.600209132,114.590268963,114.590268963,12577
2021-07-02 10:59:00,114.605179217,114.610149301,114.600209132,114.600209132,3352
2021-07-02 10:58:00,114.605179217,114.610149301,114.605179217,114.605179217,20249
2021-07-02 10:57:00,114.600209132,114.608360071,114.600209132,114.605179217,1058
2021-07-02 10:56:00,114.600209132,114.610149301,114.591759988,114.610149301,29597
2021-07-02 10:55:00,114.599215115,114.599215115,114.595239048,114.595239048,499
2021-07-02 10:54:00,114.615119386,114.615119386,114.600209132,114.600209132,27557
2021-07-02 10:53:00,114.615119386,114.619393658,114.610149301,114.615119386,14593
2021-07-02 10:52:00,114.611441523,114.617902633,114.611441523,114.615119386,819
2021-07-02 10:51:00,114.610149301,114.618101436,114.605179217,114.614721779,13734
2021-07-02 10:50:00,114.610149301,114.610149301,114.602296568,114.610149301,9306
2021-07-02 10:49:00,114.615119386,114.615119386,114.610149301,114.610149301,2259
2021-07-02 10:48:00,114.615119386,114.62008947,114.610149301,114.610149301,4469
2021-07-02 10:47:00,114.615119386,114.619095453,114.615119386,114.619095453,413
2021-07-02 10:46:00,114.598022295,114.62008947,114.598022295,114.62008947,6590
2021-07-02 10:45:00,114.595239048,114.600209132,114.591759988,114.600209132,5614
2021-07-02 10:44:00,114.62008947,114.62008947,114.600209132,114.600209132,17545
2021-07-02 10:43:00,114.62008947,114.630029639,114.62008947,114.62008947,28026
2021-07-02 10:42:00,114.619691864,114.62008947,114.610149301,114.62008947,4936
2021-07-02 10:41:00,114.610149301,114.618499043,114.610149301,114.618499043,4231
2021-07-02 10:40:00,114.611739728,114.613330155,114.610149301,114.610149301,5512
2021-07-02 10:39:00,114.610149301,114.61830024,114.610149301,114.615119386,6811
2021-07-02 10:38:00,114.610149301,114.62008947,114.610149301,114.610149301,3023
2021-07-02 10:37:00,114.615914599,114.615914599,114.610149301,114.610149301,18739
2021-07-02 10:36:00,114.610149301,114.611640327,114.602395969,114.611640327,4541
2021-07-02 10:35:00,114.60010973,114.605179217,114.590268963,114.600209132,15162
2021-07-02 10:34:00,114.590268963,114.599910927,114.590268963,114.597227081,1969
2021-07-02 10:33:00,114.605179217,114.610149301,114.590268963,114.590268963,9416
2021-07-02 10:32:00,114.605179217,114.605179217,114.600209132,114.605179217,10584
2021-07-02 10:31:00,114.605179217,114.609254686,114.601103747,114.609155284,4286
2021-07-02 10:30:00,114.610149301,114.610149301,114.600209132,114.610149301,5830
2021-07-02 10:29:00,114.603290585,114.608658276,114.601700158,114.601700158,1012
2021-07-02 10:28:00,114.610149301,114.610149301,114.600209132,114.600209132,6497
2021-07-02 10:27:00,114.590268963,114.601998363,114.590268963,114.601998363,21275
2021-07-02 10:26:00,114.585298879,114.595239048,114.585298879,114.595239048,1677
2021-07-02 10:25:00,114.580328794,114.590268963,114.580328794,114.590268963,9757
2021-07-02 10:24:00,114.590169561,114.590169561,114.580328794,114.580328794,9891
2021-07-02 10:23:00,114.585298879,114.585298879,114.560448456,114.580328794,19567
2021-07-02 10:22:00,114.580328794,114.590169561,114.580328794,114.580328794,11575
2021-07-02 10:21:00,114.585298879,114.600209132,114.580328794,114.580328794,22232
2021-07-02 10:20:00,114.580328794,114.590268963,114.580328794,114.590268963,85217
2021-07-02 10:19:00,114.570388625,114.588479733,114.570388625,114.580428196,17074
2021-07-02 10:18:00,114.570289223,114.570388625,114.560547858,114.570388625,11248
2021-07-02 10:17:00,114.590268963,114.590268963,114.562337088,114.56541854,3573
2021-07-02 10:16:00,114.605179217,114.605179217,114.580626999,114.585298879,6342
2021-07-02 10:15:00,114.615119386,114.62008947,114.600209132,114.605179217,16228
2021-07-02 10:14:00,114.605179217,114.62008947,114.605179217,114.62008947,23326
2021-07-02 10:13:00,114.605179217,114.605179217,114.600209132,114.600209132,43415
2021-07-02 10:12:00,114.600209132,114.610149301,114.600209132,114.600209132,24019
2021-07-02 10:11:00,114.591461783,114.605179217,114.590268963,114.605179217,11916
2021-07-02 10:10:00,114.600209132,114.605179217,114.590268963,114.595239048,6239
2021-07-02 10:09:00,114.590268963,114.599712124,114.590268963,114.593251014,1222
2021-07-02 10:08:00,114.575358709,114.595239048,114.575358709,114.595239048,6061
2021-07-02 10:07:00,114.570388625,114.580328794,114.560448456,114.580328794,5126
2021-07-02 10:06:00,114.558957431,114.570388625,114.550607689,114.560448456,14365
2021-07-02 10:05:00,114.550508287,114.560448456,114.550508287,114.559156234,5271
2021-07-02 10:04:00,114.560448456,114.560448456,114.550508287,114.560448456,45972
2021-07-02 10:03:00,114.570388625,114.570388625,114.550508287,114.550508287,82359
2021-07-02 10:02:00,114.570388625,114.580328794,114.560448456,114.56541854,19160
2021-07-02 10:01:00,114.560448456,114.580328794,114.560448456,114.570388625,68509
2021-07-02 10:00:00,114.56541854,114.56541854,114.561442473,114.56541854,2908
2021-07-02 09:59:00,114.550508287,114.570388625,114.550508287,114.56541854,26913
2021-07-02 09:58:00,114.550508287,114.55070709,114.542257947,114.547128629,34398
2021-07-02 09:57:00,114.550508287,114.560349054,114.550508287,114.550508287,6149
2021-07-02 09:56:00,114.555478371,114.558261619,114.540568118,114.550508287,22066
2021-07-02 09:55:00,114.540568118,114.560448456,114.540568118,114.550508287,20814
2021-07-02 09:54:00,114.510747611,114.540568118,114.510747611,114.535598033,31330
2021-07-02 09:53:00,114.510747611,114.510747611,114.510747611,114.510747611,885
2021-07-02 09:52:00,114.540568118,114.540568118,114.515717695,114.515717695,54588
2021-07-02 09:51:00,114.560448456,114.56541854,114.530627949,114.540568118,40921
2021-07-02 09:50:00,114.570388625,114.570388625,114.560448456,114.570388625,19213
2021-07-02 09:49:00,114.570388625,114.570388625,114.560448456,114.56541854,34051
2021-07-02 09:48:00,114.560448456,114.570388625,114.560448456,114.56541854,23033
2021-07-02 09:47:00,114.545538202,114.570388625,114.545538202,114.570289223,23679
2021-07-02 09:46:00,114.530528547,114.549017261,114.530528547,114.549017261,7053
2021-07-02 09:45:00,114.52068778,114.530627949,114.52068778,114.522178805,25812
2021-07-02 09:44:00,114.490867272,114.510747611,114.485897188,114.510747611,21692
2021-07-02 09:43:00,114.490867272,114.490867272,114.480927103,114.490867272,70328
2021-07-02 09:42:00,114.510747611,114.510747611,114.495837357,114.495837357,40476
2021-07-02 09:41:00,114.525657864,114.530627949,114.510747611,114.510747611,28472
2021-07-02 09:40:00,114.500807442,114.52068778,114.500807442,114.52068778,21760
2021-07-02 09:39:00,114.490867272,114.500807442,114.490867272,114.500807442,9315
2021-07-02 09:38:00,114.515717695,114.52068778,114.490867272,114.490867272,66304
2021-07-02 09:37:00,114.485897188,114.515717695,114.480927103,114.515717695,81632
2021-07-02 09:36:00,114.510747611,114.510747611,114.480927103,114.489376247,42477
2021-07-02 09:35:00,114.510747611,114.52068778,114.510747611,114.510747611,8825
2021-07-02 09:34:00,114.510747611,114.525657864,114.510747611,114.52068778,7104
2021-07-02 09:33:00,114.52068778,114.525657864,114.500807442,114.505777526,13887
2021-07-02 09:32:00,114.510648209,114.530627949,114.500807442,114.52068778,20894
2021-07-02 09:31:00,114.540568118,114.540568118,114.490867272,114.504882911,302539
2021-07-02 09:30:00,114.540568118,114.540568118,114.540568118,114.540568118,4600
2021-07-02 09:29:00,114.530627949,114.530627949,114.530627949,114.530627949,400
2021-07-01 16:09:00,114.389974556,114.389974556,114.389974556,114.389974556,9152
2021-07-01 16:01:00,114.421286089,114.421286089,114.421286089,114.421286089,7132
2021-07-01 16:00:00,114.421286089,114.431226258,114.41134592,114.426256174,181027
2021-07-01 15:59:00,114.421286089,114.426256174,114.411743527,114.421286089,114486
2021-07-01 15:58:00,114.421286089,114.421286089,114.41134592,114.421286089,57620
2021-07-01 15:57:00,114.416316004,114.421286089,114.41134592,114.421286089,18672
2021-07-01 15:56:00,114.421286089,114.421286089,114.41134592,114.416316004,20837
2021-07-01 15:55:00,114.414327971,114.421286089,114.41313515,114.414029766,6189
2021-07-01 15:54:00,114.419198654,114.421286089,114.41134592,114.416316004,12349
2021-07-01 15:53:00,114.416316004,114.421286089,114.41134592,114.421286089,10509
2021-07-01 15:52:00,114.421286089,114.421286089,114.41134592,114.421286089,10922
2021-07-01 15:51:00,114.421286089,114.421286089,114.41134592,114.41134592,15930
2021-07-01 15:50:00,114.406375835,114.421286089,114.406375835,114.421286089,3724
2021-07-01 15:49:00,114.406375835,114.41134592,114.401405751,114.41134592,20939
2021-07-01 15:48:00,114.421286089,114.421286089,114.406375835,114.406375835,17980
2021-07-01 15:47:00,114.416316004,114.421286089,114.41134592,114.416316004,22276
2021-07-01 15:46:00,114.421286089,114.421286089,114.41134592,114.416316004,24367
2021-07-01 15:45:00,114.416316004,114.421286089,114.416316004,114.421286089,110771
2021-07-01 15:44:00,114.416316004,114.421286089,114.413035749,114.421286089,13184
2021-07-01 15:43:00,114.416316004,114.421286089,114.41134592,114.41661421,8870
2021-07-01 15:42:00,114.416316004,114.421186687,114.41134592,114.421186687,8968
2021-07-01 15:41:00,114.412339937,114.421286089,114.412339937,114.419099252,6149
2021-07-01 15:40:00,114.416316004,114.421286089,114.41134592,114.413532757,6668
2021-07-01 15:39:00,114.416316004,114.421286089,114.41134592,114.416316004,5386
2021-07-01 15:38:00,114.416316004,114.421186687,114.41134592,114.416316004,8084
2021-07-01 15:37:00,114.416316004,114.416316004,114.41134592,114.41134592,6512
2021-07-01 15:36:00,114.41134592,114.416316004,114.41134592,114.416316004,2395
2021-07-01 15:35:00,114.420292072,114.421286089,114.41134592,114.421286089,5563
2021-07-01 15:34:00,114.421286089,114.431226258,114.416316004,114.416316004,47971
2021-07-01 15:33:00,114.421286089,114.429437028,114.416316004,114.416316004,12571
2021-07-01 15:32:00,114.427349592,114.431226258,114.421286089,114.421286089,7679
2021-07-01 15:31:00,114.41134592,114.426256174,114.41134592,114.426256174,14460
2021-07-01 15:30:00,114.41134592,114.419099252,114.41134592,114.41134592,4333
2021-07-01 15:29:00,114.41134592,114.41959626,114.41134592,114.41134592,7692
2021-07-01 15:28:00,114.41134592,114.416316004,114.41134592,114.41134592,5305
2021-07-01 15:27:00,114.406375835,114.421286089,114.402896776,114.41134592,16607
2021-07-01 15:26:00,114.411246518,114.41134592,114.406375835,114.407469254,5792
2021-07-01 15:25:00,114.406375835,114.41134592,114.401604554,114.41134592,5693
2021-07-01 15:24:00,114.41134592,114.41134592,114.406375835,114.406375835,709
2021-07-01 15:23:00,114.41134592,114.41134592,114.40607763,114.406375835,13054
2021-07-01 15:22:00,114.41134592,114.41134592,114.406375835,114.406375835,3501
2021-07-01 15:21:00,114.396435666,114.41134592,114.396435666,114.408960279,6138
2021-07-01 15:20:00,114.391465582,114.401405751,114.391465582,114.401405751,8965
2021-07-01 15:19:00,114.391465582,114.391465582,114.386495497,114.391465582,5427
2021-07-01 15:18:00,114.389974556,114.391465582,114.385402079,114.389079941,6592
2021-07-01 15:17:00,114.376555328,114.391465582,114.376555328,114.391465582,8676
2021-07-01 15:16:00,114.372579261,114.381525413,114.371585244,114.371585244,2270
2021-07-01 15:15:00,114.389278745,114.39136618,114.372281056,114.372281056,24338
2021-07-01 15:14:00,114.382618831,114.391465582,114.381525413,114.381525413,7641
2021-07-01 15:13:00,114.381525413,114.390471565,114.381525413,114.386495497,19922
2021-07-01 15:12:00,114.386495497,114.391465582,114.381525413,114.386495497,18873
2021-07-01 15:11:00,114.384507463,114.391465582,114.384507463,114.391465582,10694
2021-07-01 15:10:00,114.386495497,114.391465582,114.381525413,114.388085924,16509
2021-07-01 15:09:00,114.391465582,114.391465582,114.381525413,114.383215241,8158
2021-07-01 15:08:00,114.386495497,114.391465582,114.381525413,114.391465582,4907
2021-07-01 15:07:00,114.39136618,114.391465582,114.381624814,114.386495497,6500
2021-07-01 15:06:00,114.391465582,114.391465582,114.38251943,114.386495497,7764
2021-07-01 15:05:00,114.386495497,114.386495497,114.38371225,114.386495497,3828
2021-07-01 15:04:00,114.371585244,114.391465582,114.371585244,114.390968573,32450
2021-07-01 15:03:00,114.371585244,114.371585244,114.361645075,114.371585244,15912
2021-07-01 15:02:00,114.369398406,114.371585244,114.366615159,114.366615159,5833
2021-07-01 15:01:00,114.361645075,114.369398406,114.361645075,114.366615159,6479
2021-07-01 15:00:00,114.371585244,114.371585244,114.361645075,114.371585244,3830
2021-07-01 14:59:00,114.35667499,114.371585244,114.353891743,114.366615159,40159
2021-07-01 14:58:00,114.361545673,114.361645075,114.353295333,114.361645075,10656
2021-07-01 14:57:00,114.361645075,114.361645075,114.351704906,114.361645075,3883
2021-07-01 14:56:00,114.351704906,114.361645075,114.351704906,114.361645075,2718
2021-07-01 14:55:00,114.35667499,114.361645075,114.351704906,114.351704906,36348
2021-07-01 14:54:00,114.351704906,114.361048664,114.351704906,114.361048664,3049
2021-07-01 14:53:00,114.358663024,114.361645075,114.351804307,114.359657041,4462
2021-07-01 14:52:00,114.355382768,114.361645075,114.351704906,114.35667499,5294
2021-07-01 14:51:00,114.361645075,114.361645075,114.35667499,114.361645075,3665
2021-07-01 14:50:00,114.35667499,114.360651058,114.35667499,114.358762426,6194
2021-07-01 14:49:00,114.35667499,114.359060631,114.353394734,114.359060631,1187
2021-07-01 14:48:00,114.351704906,114.361645075,114.351704906,114.35667499,7310
2021-07-01 14:47:00,114.361645075,114.361645075,114.351704906,114.35667499,3188
2021-07-01 14:46:00,114.35667499,114.361645075,114.351704906,114.360154049,5338
2021-07-01 14:45:00,114.353593538,114.35667499,114.353593538,114.35667499,2599
2021-07-01 14:44:00,114.352698922,114.361645075,114.351704906,114.361645075,3001
2021-07-01 14:43:00,114.35667499,114.361645075,114.35667499,114.361048664,2227
2021-07-01 14:42:00,114.35667499,114.361645075,114.35667499,114.361645075,4987
2021-07-01 14:41:00,114.352400717,114.361645075,114.352400717,114.359557639,4626
2021-07-01 14:40:00,114.35667499,114.361645075,114.35667499,114.361645075,2804
2021-07-01 14:39:00,114.35667499,114.361645075,114.353195931,114.353195931,3131
2021-07-01 14:38:00,114.35667499,114.361645075,114.35667499,114.361645075,9023
2021-07-01 14:37:00,114.357967212,114.357967212,114.35667499,114.35667499,2102
2021-07-01 14:36:00,114.35667499,114.361645075,114.35667499,114.361645075,2057
2021-07-01 14:35:00,114.361645075,114.361744476,114.353891743,114.35667499,11383
2021-07-01 14:34:00,114.361645075,114.366615159,114.361645075,114.361645075,8163
2021-07-01 14:33:00,114.367310971,114.367310971,114.361645075,114.361645075,7716
2021-07-01 14:32:00,114.366615159,114.371585244,114.361645075,114.371585244,3895
2021-07-01 14:31:00,114.366615159,114.371485842,114.361645075,114.366615159,4314
2021-07-01 14:30:00,114.366615159,114.371585244,114.361645075,114.361645075,4674
2021-07-01 14:29:00,114.366615159,114.369994817,114.3631361,114.369994817,1894
2021-07-01 14:28:00,114.361645075,114.366615159,114.361645075,114.366615159,2108
2021-07-01 14:27:00,114.361645075,114.366714561,114.361645075,114.361645075,4688
2021-07-01 14:26:00,114.366615159,114.366615159,114.361645075,114.366615159,8242
2021-07-01 14:25:00,114.361645075,114.366615159,114.361645075,114.361645075,6643
2021-07-01 14:24:00,114.365223535,114.37079003,114.361645075,114.363831912,3765
2021-07-01 14:23:00,114.366615159,114.366615159,114.361645075,114.366615159,6048
2021-07-01 14:22:00,114.366615159,114.366615159,114.361645075,114.366615159,2006
2021-07-01 14:21:00,114.361645075,114.370591227,114.361645075,114.366217552,6052
2021-07-01 14:20:00,114.361645075,114.370094218,114.361645075,114.361645075,1819
2021-07-01 14:19:00,114.366615159,114.371585244,114.361645075,114.361645075,5230
2021-07-01 14:18:00,114.366615159,114.368503791,114.361645075,114.361645075,11214
2021-07-01 14:17:00,114.366615159,114.366615159,114.361645075,114.361645075,9638
2021-07-01 14:16:00,114.366615159,114.370591227,114.361645075,114.36492533,15221
2021-07-01 14:15:00,114.366615159,114.371585244,114.361645075,114.368205586,7991
2021-07-01 14:14:00,114.371585244,114.371585244,114.3631361,114.366615159,9150
2021-07-01 14:13:00,114.367708578,114.371585244,114.366416356,114.368006783,17681
2021-07-01 14:12:00,114.370591227,114.371585244,114.361645075,114.363831912,4407
2021-07-01 14:11:00,114.371485842,114.371585244,114.3631361,114.368106185,4186
2021-07-01 14:10:00,114.366615159,114.371585244,114.362639092,114.366615159,6846
2021-07-01 14:09:00,114.367509774,114.371187637,114.363831912,114.371187637,2445
2021-07-01 14:08:00,114.366615159,114.370591227,114.363831912,114.366615159,3912
2021-07-01 14:07:00,114.361645075,114.371585244,114.361645075,114.371585244,5370
2021-07-01 14:06:00,114.366615159,114.371585244,114.361645075,114.366615159,40281
2021-07-01 14:05:00,114.366615159,114.370591227,114.361645075,114.361645075,28128
2021-07-01 14:04:00,114.366615159,114.366615159,114.363831912,114.366615159,11329
2021-07-01 14:03:00,114.366615159,114.371585244,114.361645075,114.366615159,5200
2021-07-01 14:02:00,114.366615159,114.366615159,114.36253969,114.36253969,8102
2021-07-01 14:01:00,114.366615159,114.371585244,114.361645075,114.371585244,5684
2021-07-01 14:00:00,114.361645075,114.371585244,114.361645075,114.366615159,4493
2021-07-01 13:59:00,114.371485842,114.371585244,114.371485842,114.371585244,811
2021-07-01 13:58:00,114.359557639,114.371585244,114.35667499,114.366615159,5267
2021-07-01 13:57:00,114.361645075,114.361645075,114.360154049,114.361645075,1973
2021-07-01 13:56:00,114.35667499,114.361645075,114.35667499,114.361645075,3331
2021-07-01 13:55:00,114.359458237,114.361545673,114.353295333,114.356973195,7837
2021-07-01 13:54:00,114.35667499,114.361645075,114.351804307,114.35667499,7615
2021-07-01 13:53:00,114.366615159,114.366615159,114.353494136,114.355979178,7682
2021-07-01 13:52:00,114.368503791,114.371585244,114.366615159,114.366615159,12041
2021-07-01 13:51:00,114.366615159,114.371585244,114.361645075,114.371585244,3861
2021-07-01 13:50:00,114.371585244,114.371585244,114.361645075,114.361645075,3123
2021-07-01 13:49:00,114.366615159,114.371585244,114.366615159,114.368603193,5319
2021-07-01 13:48:00,114.370094218,114.371585244,114.366615159,114.371585244,6915
2021-07-01 13:47:00,114.362639092,114.371585244,114.361645075,114.369895415,4124
2021-07-01 13:46:00,114.366615159,114.366615159,114.366615159,114.366615159,4568
2021-07-01 13:45:00,114.366615159,114.371585244,114.361645075,114.366615159,5459
2021-07-01 13:44:00,114.371585244,114.371585244,114.371585244,114.371585244,1613
2021-07-01 13:43:00,114.376555328,114.381426011,114.371585244,114.381426011,6813
2021-07-01 13:42:00,114.376555328,114.381525413,114.371585244,114.376555328,2914
2021-07-01 13:41:00,114.371585244,114.380531396,114.371585244,114.380034387,4110
2021-07-01 13:40:00,114.381525413,114.381525413,114.371585244,114.372579261,2933
2021-07-01 13:39:00,114.376555328,114.380531396,114.373076269,114.379338576,3130
2021-07-01 13:38:00,114.376555328,114.381525413,114.373275072,114.381525413,26235
2021-07-01 13:37:00,114.381525413,114.381525413,114.371585244,114.376555328,6033
2021-07-01 13:36:00,114.381525413,114.381525413,114.372976867,114.381426011,3250
2021-07-01 13:35:00,114.376555328,114.381525413,114.376555328,114.376555328,3029
2021-07-01 13:34:00,114.366615159,114.371585244,114.361744476,114.371585244,11847
2021-07-01 13:33:00,114.35667499,114.361645075,114.351704906,114.361645075,12187
2021-07-01 13:32:00,114.361645075,114.361645075,114.353891743,114.353891743,5190
2021-07-01 13:31:00,114.35667499,114.357768409,114.351804307,114.351804307,2605
2021-07-01 13:30:00,114.3572714,114.361645075,114.35667499,114.359358836,3114
2021-07-01 13:29:00,114.359458237,114.361645075,114.353692939,114.353692939,3995
2021-07-01 13:28:00,114.351704906,114.360849861,114.346734821,114.360849861,6961
2021-07-01 13:27:00,114.351704906,114.351704906,114.346734821,114.346734821,977
2021-07-01 13:26:00,114.351704906,114.351704906,114.346734821,114.351704906,7239
2021-07-01 13:25:00,114.351704906,114.35667499,114.351704906,114.35667499,2690
2021-07-01 13:24:00,114.35667499,114.359458237,114.351704906,114.359458237,2216
2021-07-01 13:23:00,114.35667499,114.361645075,114.351704906,114.361645075,6343
2021-07-01 13:22:00,114.35667499,114.361645075,114.35667499,114.35667499,2824
2021-07-01 13:21:00,114.35667499,114.357669007,114.35667499,114.357669007,2531
2021-07-01 13:20:00,114.361645075,114.361645075,114.353891743,114.360849861,3985
2021-07-01 13:19:00,114.35667499,114.361645075,114.353692939,114.35667499,4287
2021-07-01 13:18:00,114.35667499,114.361645075,114.351704906,114.361645075,3993
2021-07-01 13:17:00,114.351704906,114.35667499,114.351704906,114.35667499,1881
2021-07-01 13:16:00,114.353593538,114.35667499,114.351704906,114.35667499,2856
2021-07-01 13:15:00,114.35667499,114.35667499,114.351704906,114.354388751,2584
2021-07-01 13:14:00,114.35667499,114.361645075,114.353195931,114.35667499,9348
2021-07-01 13:13:00,114.361645075,114.361645075,114.351804307,114.360154049,1788
2021-07-01 13:12:00,114.361645075,114.361645075,114.35667499,114.361545673,4553
2021-07-01 13:11:00,114.360154049,114.361645075,114.351704906,114.351704906,3239
2021-07-01 13:10:00,114.360154049,114.361645075,114.353295333,114.361545673,8517
2021-07-01 13:09:00,114.35667499,114.361645075,114.351704906,114.361645075,6142
2021-07-01 13:08:00,114.361645075,114.361645075,114.351804307,114.351804307,2810
2021-07-01 13:07:00,114.361645075,114.361645075,114.351704906,114.352698922,2876
2021-07-01 13:06:00,114.360154049,114.360154049,114.351704906,114.35667499,5529
2021-07-01 13:05:00,114.35667499,114.361645075,114.351704906,114.35667499,16765
2021-07-01 13:04:00,114.351704906,114.360651058,114.351704906,114.35607858,5592
2021-07-01 13:03:00,114.360651058,114.360949263,114.351704906,114.35667499,4560
2021-07-01 13:02:00,114.366615159,114.366615159,114.361645075,114.361645075,5886
2021-07-01 13:01:00,114.369796013,114.369796013,114.361645075,114.369398406,5005
2021-07-01 13:00:00,114.366615159,114.371585244,114.361645075,114.361645075,23378
2021-07-01 12:59:00,114.361645075,114.369696612,114.361645075,114.364726527,19175
2021-07-01 12:58:00,114.369398406,114.369398406,114.361645075,114.361645075,2349
2021-07-01 12:57:00,114.366615159,114.371485842,114.361645075,114.366615159,5081
2021-07-01 12:56:00,114.371585244,114.371585244,114.36373251,114.371585244,3938
2021-07-01 12:55:00,114.371585244,114.371585244,114.361645075,114.366615159,7243
2021-07-01 12:54:00,114.3690008,114.37019362,114.361645075,114.366615159,7550
2021-07-01 12:53:00,114.366615159,114.371585244,114.361645075,114.366615159,3750
2021-07-01 12:52:00,114.371585244,114.371585244,114.361645075,114.361744476,2348
2021-07-01 12:51:00,114.366615159,114.371585244,114.361645075,114.361645075,8387
2021-07-01 12:50:00,114.371585244,114.371585244,114.366615159,114.371585244,3088
2021-07-01 12:49:00,114.366615159,114.371585244,114.3631361,114.371585244,3741
2021-07-01 12:48:00,114.351704906,114.361645075,114.351704906,114.361645075,897
2021-07-01 12:47:00,114.361545673,114.361645075,114.35667499,114.35667499,2489
2021-07-01 12:46:00,114.351704906,114.35667499,114.346734821,114.353195931,18762
2021-07-01 12:45:00,114.341764736,114.341764736,114.341764736,114.341764736,750
2021-07-01 12:44:00,114.351704906,114.357470204,114.346138411,114.349518068,5069
2021-07-01 12:43:00,114.361645075,114.366316954,114.35667499,114.35667499,7300
2021-07-01 12:42:00,114.369398406,114.370591227,114.361645075,114.361645075,8300
2021-07-01 12:41:00,114.361645075,114.363831912,114.361645075,114.362639092,3558
2021-07-01 12:40:00,114.362639092,114.367410373,114.361645075,114.366615159,3673
2021-07-01 12:39:00,114.35667499,114.370591227,114.352698922,114.366615159,12862
2021-07-01 12:38:00,114.35667499,114.35667499,114.351704906,114.351704906,6680
2021-07-01 12:37:00,114.35667499,114.357470204,114.351704906,114.357470204,2777
2021-07-01 12:36:00,114.361645075,114.361645075,114.351704906,114.361645075,4342
2021-07-01 12:35:00,114.361645075,114.361645075,114.351704906,114.356177982,3102
2021-07-01 12:34:00,114.351704906,114.361645075,114.351704906,114.361645075,8630
2021-07-01 12:33:00,114.358762426,114.361645075,114.351704906,114.353891743,3572
2021-07-01 12:32:00,114.361645075,114.361645075,114.351704906,114.357768409,3065
2021-07-01 12:31:00,114.361645075,114.361645075,114.351704906,114.360651058,4461
2021-07-01 12:30:00,114.35667499,114.361645075,114.353195931,114.361645075,3547
2021-07-01 12:29:00,114.351704906,114.361645075,114.351704906,114.361645075,2487
2021-07-01 12:28:00,114.35667499,114.361645075,114.351704906,114.361645075,5122
2021-07-01 12:27:00,114.35667499,114.361545673,114.351704906,114.351704906,12744
2021-07-01 12:26:00,114.35667499,114.35667499,114.351704906,114.35667499,4190
2021-07-01 12:25:00,114.351704906,114.35667499,114.351704906,114.35667499,1223
2021-07-01 12:24:00,114.352698922,114.35667499,114.351704906,114.351704906,3947
2021-07-01 12:23:00,114.35667499,114.360651058,114.351704906,114.351704906,1797
2021-07-01 12:22:00,114.351704906,114.351704906,114.351704906,114.351704906,2340
2021-07-01 12:21:00,114.351704906,114.361645075,114.351704906,114.351704906,22313
2021-07-01 12:20:00,114.360154049,114.361645075,114.351704906,114.35667499,3604
2021-07-01 12:19:00,114.35667499,114.361645075,114.351704906,114.351704906,5327
2021-07-01 12:18:00,114.361645075,114.361645075,114.351704906,114.352201914,7724
2021-07-01 12:17:00,114.351704906,114.351704906,114.351704906,114.351704906,2172
2021-07-01 12:16:00,114.35667499,114.361645075,114.353195931,114.361645075,4394
2021-07-01 12:15:00,114.360949263,114.361645075,114.35667499,114.361645075,2571
2021-07-01 12:14:00,114.361048664,114.361645075,114.351704906,114.361645075,4053
2021-07-01 12:13:00,114.36134687,114.361645075,114.351704906,114.353195931,2741
2021-07-01 12:12:00,114.366615159,114.366615159,114.353195931,114.353195931,6662
2021-07-01 12:11:00,114.371585244,114.376555328,114.363334903,114.363334903,3546
2021-07-01 12:10:00,114.376555328,114.379636781,114.371585244,114.371585244,3153
2021-07-01 12:09:00,114.376555328,114.378543362,114.371585244,114.378543362,4224
2021-07-01 12:08:00,114.371585244,114.379338576,114.371585244,114.371585244,12187
2021-07-01 12:07:00,114.369398406,114.371585244,114.361645075,114.371585244,6676
2021-07-01 12:06:00,114.361645075,114.371585244,114.361645075,114.361645075,15480
2021-07-01 12:05:00,114.361645075,114.369398406,114.361645075,114.366615159,5925
2021-07-01 12:04:00,114.361645075,114.369796013,114.361645075,114.361645075,16897
2021-07-01 12:03:00,114.354686956,114.361645075,114.351704906,114.361645075,7975
2021-07-01 12:02:00,114.351704906,114.361545673,114.351704906,114.361545673,7450
2021-07-01 12:01:00,114.35667499,114.361645075,114.351704906,114.35667499,9827
2021-07-01 12:00:00,114.361645075,114.361645075,114.353891743,114.361645075,1842
2021-07-01 11:59:00,114.361645075,114.361645075,114.351704906,114.351704906,7774
2021-07-01 11:58:00,114.371585244,114.376555328,114.361645075,114.361645075,20287
2021-07-01 11:57:00,114.371585244,114.376555328,114.363434305,114.376555328,6776
2021-07-01 11:56:00,114.3631361,114.371585244,114.3631361,114.371585244,2996
2021-07-01 11:55:00,114.371585244,114.371585244,114.366615159,114.366615159,1508
2021-07-01 11:54:00,114.35667499,114.371585244,114.35667499,114.371585244,5077
2021-07-01 11:53:00,114.361645075,114.361645075,114.351704906,114.352698922,3477
2021-07-01 11:52:00,114.351704906,114.361645075,114.351704906,114.361645075,7720
2021-07-01 11:51:00,114.35667499,114.361645075,114.351704906,114.359458237,4210
2021-07-01 11:50:00,114.361645075,114.361645075,114.351804307,114.351804307,5247
2021-07-01 11:49:00,114.361744476,114.361744476,114.35667499,114.35667499,3627
2021-07-01 11:48:00,114.366615159,114.371585244,114.361744476,114.361744476,28933
2021-07-01 11:47:00,114.361645075,114.366615159,114.361645075,114.366615159,923
2021-07-01 11:46:00,114.35667499,114.361744476,114.35667499,114.361744476,6548
2021-07-01 11:45:00,114.353891743,114.361645075,114.353891743,114.361645075,670
2021-07-01 11:44:00,114.361645075,114.361645075,114.35667499,114.361645075,3476
2021-07-01 11:42:00,114.352698922,114.354786358,114.346734821,114.351704906,3763
2021-07-01 11:41:00,114.351704906,114.358663024,114.351704906,114.358663024,773
2021-07-01 11:40:00,114.351704906,114.351704906,114.346734821,114.351704906,1271
2021-07-01 11:39:00,114.351704906,114.351704906,114.351704906,114.351704906,3657
2021-07-01 11:38:00,114.351704906,114.361446271,114.351704906,114.351704906,16591
2021-07-01 11:37:00,114.361645075,114.361645075,114.350015077,114.351704906,23337
2021-07-01 11:36:00,114.351704906,114.361645075,114.343255762,114.361645075,24365
2021-07-01 11:35:00,114.351704906,114.351704906,114.347231829,114.351704906,3426
2021-07-01 11:34:00,114.346734821,114.346734821,114.341764736,114.346734821,22327
2021-07-01 11:33:00,114.341764736,114.350710889,114.341764736,114.349518068,1743
2021-07-01 11:32:00,114.331824567,114.346734821,114.331824567,114.346734821,55330
2021-07-01 11:31:00,114.326755081,114.331824567,114.322083202,114.326854483,4723
2021-07-01 11:30:00,114.326854483,114.326854483,114.321884398,114.326854483,13754
2021-07-01 11:29:00,114.331824567,114.339577899,114.321884398,114.331824567,36166
2021-07-01 11:28:00,114.331824567,114.34077072,114.331824567,114.331824567,17739
2021-07-01 11:27:00,114.326854483,114.331824567,114.326854483,114.331824567,14033
2021-07-01 11:26:00,114.336794652,114.341764736,114.328842517,114.328842517,29627
2021-07-01 11:25:00,114.336794652,114.336794652,114.331824567,114.336794652,8360
2021-07-01 11:24:00,114.35667499,114.361645075,114.331824567,114.336794652,40158
2021-07-01 11:23:00,114.361645075,114.366615159,114.351704906,114.361645075,12173
2021-07-01 11:22:00,114.32963773,114.35667499,114.321884398,114.353792341,15412
2021-07-01 11:21:00,114.359458237,114.359458237,114.331824567,114.331824567,21331
2021-07-01 11:20:00,114.35667499,114.369994817,114.351704906,114.351704906,19626
2021-07-01 11:19:00,114.364825929,114.366615159,114.351704906,114.361645075,27099
2021-07-01 11:18:00,114.366615159,114.366615159,114.361645075,114.366615159,13500
2021-07-01 11:17:00,114.361744476,114.370591227,114.361645075,114.366615159,14226
2021-07-01 11:16:00,114.35667499,114.366615159,114.353891743,114.366615159,47995
2021-07-01 11:15:00,114.356973195,114.361645075,114.351704906,114.35667499,41664
2021-07-01 11:14:00,114.35667499,114.360849861,114.35667499,114.35667499,3625
2021-07-01 11:13:00,114.361645075,114.361645075,114.35667499,114.35667499,10878
2021-07-01 11:12:00,114.371585244,114.371585244,114.351704906,114.361645075,47798
2021-07-01 11:11:00,114.371585244,114.376555328,114.371585244,114.371585244,489
2021-07-01 11:10:00,114.366615159,114.379338576,114.361645075,114.379338576,34420
2021-07-01 11:09:00,114.361645075,114.371485842,114.361645075,114.366615159,1765
2021-07-01 11:08:00,114.361645075,114.369994817,114.361645075,114.366615159,22177
2021-07-01 11:07:00,114.371585244,114.376555328,114.361645075,114.366615159,32695
2021-07-01 11:06:00,114.381525413,114.381525413,114.371585244,114.371585244,892
2021-07-01 11:05:00,114.368603193,114.371585244,114.363533707,114.371585244,7869
2021-07-01 11:04:00,114.366615159,114.371585244,114.361645075,114.371585244,8411
2021-07-01 11:03:00,114.3631361,114.371585244,114.3631361,114.371585244,640
2021-07-01 11:02:00,114.366615159,114.371585244,114.361645075,114.371585244,9637
2021-07-01 11:01:00,114.361645075,114.368304988,114.351704906,114.361645075,3887
2021-07-01 11:00:00,114.361645075,114.371485842,114.361645075,114.371485842,4363
2021-07-01 10:59:00,114.35667499,114.361645075,114.35667499,114.361645075,2928
2021-07-01 10:58:00,114.370591227,114.370591227,114.351704906,114.351704906,2768
2021-07-01 10:57:00,114.371585244,114.371585244,114.361645075,114.366615159,5964
2021-07-01 10:56:00,114.366615159,114.371585244,114.361645075,114.369398406,6196
2021-07-01 10:55:00,114.361645075,114.369398406,114.361645075,114.366615159,6824
2021-07-01 10:54:00,114.35667499,114.361645075,114.353195931,114.361645075,2762
2021-07-01 10:53:00,114.35667499,114.358762426,114.351804307,114.35667499,2063
2021-07-01 10:52:00,114.366615159,114.371585244,114.351704906,114.35667499,53882
2021-07-01 10:51:00,114.361645075,114.371585244,114.361645075,114.366615159,20662
2021-07-01 10:50:00,114.361645075,114.361645075,114.35667499,114.360154049,884
2021-07-01 10:49:00,114.371585244,114.376555328,114.352500119,114.352500119,12257
2021-07-01 10:48:00,114.376555328,114.376555328,114.373374474,114.376555328,1209
2021-07-01 10:47:00,114.369398406,114.376555328,114.364627125,114.376555328,3235
2021-07-01 10:46:00,114.351704906,114.361645075,114.341764736,114.361645075,21226
2021-07-01 10:45:00,114.363235502,114.369398406,114.361645075,114.361645075,4066
2021-07-01 10:44:00,114.370094218,114.376555328,114.361645075,114.366615159,6197
2021-07-01 10:43:00,114.361645075,114.371485842,114.361645075,114.363831912,6156
2021-07-01 10:42:00,114.371585244,114.371585244,114.362639092,114.366615159,5168
2021-07-01 10:41:00,114.361645075,114.361645075,114.35667499,114.361645075,4303
2021-07-01 10:40:00,114.371585244,114.379437977,114.361645075,114.366615159,53815
2021-07-01 10:39:00,114.406375835,114.406375835,114.361645075,114.363831912,43008
2021-07-01 10:38:00,114.411246518,114.411246518,114.401405751,114.401405751,10994
2021-07-01 10:37:00,114.401405751,114.410252501,114.401405751,114.406375835,3864
2021-07-01 10:36:00,114.401405751,114.401405751,114.391465582,114.401405751,6893
2021-07-01 10:35:00,114.401405751,114.406375835,114.401405751,114.406375835,719
2021-07-01 10:34:00,114.391465582,114.409755493,114.391465582,114.409159083,12261
2021-07-01 10:33:00,114.416316004,114.421286089,114.392956607,114.399914726,56716
2021-07-01 10:32:00,114.416316004,114.419496859,114.413532757,114.419496859,1251
2021-07-01 10:31:00,114.431226258,114.431226258,114.421286089,114.421286089,8348
2021-07-01 10:30:00,114.431226258,114.436196343,114.426256174,114.426256174,7215
2021-07-01 10:29:00,114.436196343,114.436196343,114.431226258,114.436196343,5706
2021-07-01 10:28:00,114.436196343,114.438184376,114.431226258,114.436196343,2451
2021-07-01 10:27:00,114.441166427,114.441166427,114.431226258,114.431226258,16184
2021-07-01 10:26:00,114.441166427,114.441166427,114.431226258,114.441166427,20358
2021-07-01 10:25:00,114.456076681,114.461046765,114.441166427,114.441166427,7259
2021-07-01 10:24:00,114.446136512,114.461046765,114.446136512,114.461046765,62960
2021-07-01 10:23:00,114.439476598,114.446136512,114.431226258,114.443253863,23630
2021-07-01 10:22:00,114.431226258,114.436196343,114.431226258,114.436196343,5987
2021-07-01 10:21:00,114.43897959,114.441166427,114.436196343,114.436196343,1666
2021-07-01 10:20:00,114.451106596,114.451106596,114.441166427,114.441166427,5678
2021-07-01 10:19:00,114.441166427,114.451106596,114.441166427,114.451106596,8824
2021-07-01 10:18:00,114.456076681,114.459257535,114.431226258,114.431226258,20853
2021-07-01 10:17:00,114.456076681,114.470986934,114.454386852,114.456076681,4195
2021-07-01 10:16:00,114.469297106,114.469297106,114.456076681,114.461046765,62140
2021-07-01 10:15:00,114.490867272,114.495837357,114.461046765,114.461046765,21344
2021-07-01 10:14:00,114.49365052,114.495837357,114.49365052,114.495837357,4249
2021-07-01 10:13:00,114.500807442,114.500807442,114.491861289,114.491861289,7713
2021-07-01 10:12:00,114.490867272,114.50070804,114.490867272,114.490867272,7370
2021-07-01 10:11:00,114.500807442,114.500807442,114.490867272,114.495837357,2958
2021-07-01 10:10:00,114.480927103,114.490867272,114.480927103,114.490867272,4270
2021-07-01 10:09:00,114.500807442,114.500807442,114.480927103,114.490767871,27336
2021-07-01 10:08:00,114.485897188,114.495837357,114.483511547,114.495837357,3259
2021-07-01 10:07:00,114.485897188,114.490867272,114.480927103,114.485897188,13956
2021-07-01 10:06:00,114.489276845,114.490867272,114.470986934,114.475957019,81137
2021-07-01 10:05:00,114.470986934,114.490867272,114.470986934,114.490867272,11842
2021-07-01 10:04:00,114.475957019,114.475957019,114.461046765,114.470986934,16302
2021-07-01 10:03:00,114.470986934,114.500807442,114.470986934,114.470986934,41362
2021-07-01 10:02:00,114.446136512,114.46601685,114.446136512,114.46601685,30206
2021-07-01 10:01:00,114.46601685,114.46601685,114.441166427,114.442657452,54407
2021-07-01 10:00:00,114.461046765,114.461046765,114.456076681,114.461046765,7330
2021-07-01 09:59:00,114.470986934,114.470986934,114.462040782,114.462040782,4159
2021-07-01 09:58:00,114.47247796,114.480827702,114.470986934,114.475957019,3235
2021-07-01 09:57:00,114.470986934,114.480827702,114.470986934,114.47247796,17562
2021-07-01 09:56:00,114.475957019,114.480827702,114.470986934,114.470986934,3301
2021-07-01 09:55:00,114.480927103,114.480927103,114.470986934,114.47247796,42633
2021-07-01 09:54:00,114.470986934,114.480927103,114.470986934,114.474664797,20546
2021-07-01 09:53:00,114.480927103,114.480927103,114.470986934,114.470986934,1596
2021-07-01 09:52:00,114.480927103,114.480927103,114.480927103,114.480927103,452
2021-07-01 09:51:00,114.477149839,114.480927103,114.471086336,114.471086336,3606
2021-07-01 09:50:00,114.475957019,114.479336676,114.470986934,114.470986934,10734
2021-07-01 09:49:00,114.461046765,114.479933086,114.461046765,114.470986934,4058
2021-07-01 09:48:00,114.470986934,114.480927103,114.461046765,114.46601685,32360
2021-07-01 09:47:00,114.470986934,114.470986934,114.468800097,114.468800097,735
2021-07-01 09:46:00,114.451106596,114.470986934,114.450808391,114.470986934,19413
2021-07-01 09:45:00,114.451106596,114.451106596,114.446136512,114.446136512,11274
2021-07-01 09:44:00,114.46074856,114.461046765,114.451205998,114.456076681,5901
2021-07-01 09:43:00,114.452697023,114.452697023,114.452697023,114.452697023,2821
2021-07-01 09:42:00,114.461046765,114.461046765,114.461046765,114.461046765,8221
2021-07-01 09:41:00,114.456076681,114.470986934,114.456076681,114.46601685,4628
2021-07-01 09:40:00,114.470986934,114.470986934,114.461046765,114.461046765,18313
2021-07-01 09:39:00,114.46601685,114.470986934,114.461046765,114.461046765,10882
2021-07-01 09:38:00,114.461046765,114.470986934,114.451106596,114.469992917,24158
2021-07-01 09:37:00,114.461046765,114.461046765,114.459356937,114.461046765,3371
2021-07-01 09:36:00,114.454088647,114.461046765,114.454088647,114.461046765,17854
2021-07-01 09:35:00,114.451106596,114.458859928,114.451106596,114.451106596,8060
2021-07-01 09:34:00,114.451106596,114.461046765,114.451106596,114.460052748,20006
2021-07-01 09:33:00,114.456076681,114.456076681,114.441166427,114.451007195,9752
2021-07-01 09:32:00,114.446136512,114.461046765,114.441166427,114.458064715,29106
2021-07-01 09:31:00,114.461046765,114.461046765,114.441166427,114.446136512,94753
2021-07-01 09:30:00,114.451106596,114.451106596,114.451106596,114.451106596,501
2021-07-01 08:42:00,114.485400179,114.485400179,114.485400179,114.485400179,476
2021-07-01 08:26:00,114.485400179,114.485400179,114.485400179,114.485400179,400
2021-06-30 16:26:00,114.485301767,114.485301767,114.485301767,114.485301767,59200
2021-06-30 16:02:00,114.485301767,114.485301767,114.485301767,114.485301767,46000
2021-06-30 16:00:00,114.465448251,114.505155283,114.455521493,114.505155283,132373
2021-06-30 15:59:00,114.534935558,114.534935558,114.455521493,114.465448251,75915
2021-06-30 15:58:00,114.534935558,114.534935558,114.5250088,114.534935558,39710
2021-06-30 15:57:00,114.534935558,114.544862316,114.534935558,114.539898937,35425
2021-06-30 15:56:00,114.562531945,114.564715832,114.534935558,114.544862316,45195
2021-06-30 15:55:00,114.554789074,114.564715832,114.554789074,114.560546594,11616
2021-06-30 15:54:00,114.544862316,114.564715832,114.544862316,114.554888342,12302
2021-06-30 15:53:00,114.569679211,114.572657239,114.544862316,114.544862316,33028
2021-06-30 15:52:00,114.579605969,114.584569348,114.564715832,114.57464259,37222
2021-06-30 15:51:00,114.564715832,114.584569348,114.564715832,114.584569348,85120
2021-06-30 15:50:00,114.559752453,114.57464259,114.554789074,114.569679211,18081
2021-06-30 15:49:00,114.57464259,114.57464259,114.554789074,114.559752453,18220
2021-06-30 15:48:00,114.569679211,114.57464259,114.564715832,114.57464259,6252
2021-06-30 15:47:00,114.559752453,114.57464259,114.555980285,114.569679211,30102
2021-06-30 15:46:00,114.554789074,114.564715832,114.544862316,114.564715832,59849
2021-06-30 15:45:00,114.554789074,114.554789074,114.54635133,114.547046203,11794
2021-06-30 15:44:00,114.554789074,114.554789074,114.546946935,114.549825695,9778
2021-06-30 15:43:00,114.549825695,114.554789074,114.549825695,114.549825695,4120
2021-06-30 15:42:00,114.549825695,114.554789074,114.545854992,114.552605187,5155
2021-06-30 15:41:00,114.539898937,114.554789074,114.539898937,114.549825695,15658
2021-06-30 15:40:00,114.539898937,114.544862316,114.539898937,114.539898937,7734
2021-06-30 15:39:00,114.544862316,114.549825695,114.539898937,114.539898937,21350
2021-06-30 15:38:00,114.551910314,114.551910314,114.544862316,114.549825695,8786
2021-06-30 15:37:00,114.544862316,114.554789074,114.544862316,114.54635133,3875
2021-06-30 15:36:00,114.549825695,114.552704455,114.544862316,114.549825695,3217
2021-06-30 15:35:00,114.549825695,114.554789074,114.544862316,114.549825695,12582
2021-06-30 15:34:00,114.542479894,114.549825695,114.534935558,114.549825695,6114
2021-06-30 15:33:00,114.544862316,114.544862316,114.539898937,114.539898937,3629
2021-06-30 15:32:00,114.542777697,114.544365978,114.534935558,114.539898937,18064
2021-06-30 15:31:00,114.532156065,114.544862316,114.532156065,114.539898937,20282
2021-06-30 15:30:00,114.533446544,114.534935558,114.5250088,114.534935558,5962
2021-06-30 15:29:00,114.534935558,114.534935558,114.5250088,114.534935558,8664
2021-06-30 15:28:00,114.529972179,114.534935558,114.527986827,114.534935558,12665
2021-06-30 15:27:00,114.529972179,114.532751671,114.5286817,114.529972179,2161
2021-06-30 15:26:00,114.520045421,114.529972179,114.520045421,114.5250088,36051
2021-06-30 15:25:00,114.520045421,114.520045421,114.515082041,114.515082041,1120
2021-06-30 15:24:00,114.520045421,114.523519786,114.515379844,114.520045421,35118
2021-06-30 15:23:00,114.522824913,114.5250088,114.515082041,114.520045421,8051
2021-06-30 15:22:00,114.520045421,114.5250088,114.515082041,114.523023448,30843
2021-06-30 15:21:00,114.515082041,114.524909532,114.505155283,114.520045421,21024
2021-06-30 15:20:00,114.510118662,114.515082041,114.510118662,114.515082041,1187
2021-06-30 15:19:00,114.510118662,114.515082041,114.505155283,114.515082041,4473
2021-06-30 15:18:00,114.510118662,114.515082041,114.505155283,114.510118662,21078
2021-06-30 15:17:00,114.505155283,114.515082041,114.505155283,114.515082041,17348
2021-06-30 15:16:00,114.511508408,114.523817589,114.505155283,114.510118662,77574
2021-06-30 15:15:00,114.510118662,114.511508408,114.505155283,114.510118662,36962
2021-06-30 15:14:00,114.500191904,114.510813535,114.500191904,114.510118662,8817
2021-06-30 15:13:00,114.500191904,114.505155283,114.495228525,114.500191904,9951
2021-06-30 15:12:00,114.505155283,114.505155283,114.495228525,114.505155283,246470
2021-06-30 15:11:00,114.490265146,114.505155283,114.490265146,114.500191904,102463
2021-06-30 15:10:00,114.495228525,114.495228525,114.485401035,114.490265146,29025
2021-06-30 15:09:00,114.490265146,114.495228525,114.485301767,114.490265146,31786
2021-06-30 15:08:00,114.480338388,114.495228525,114.480338388,114.490265146,17670
2021-06-30 15:07:00,114.485301767,114.485301767,114.475375009,114.480338388,33864
2021-06-30 15:06:00,114.490265146,114.500191904,114.488776132,114.488776132,45467
2021-06-30 15:05:00,114.500191904,114.505155283,114.485301767,114.495228525,160293
2021-06-30 15:04:00,114.495228525,114.505155283,114.495228525,114.495228525,22515
2021-06-30 15:03:00,114.495228525,114.50366627,114.495228525,114.495228525,27152
2021-06-30 15:02:00,114.500191904,114.505155283,114.495228525,114.500191904,73629
2021-06-30 15:01:00,114.508133311,114.51349376,114.495724863,114.505155283,16724
2021-06-30 15:00:00,114.515082041,114.520045421,114.500191904,114.510118662,51839
2021-06-30 14:59:00,114.520045421,114.5250088,114.515082041,114.515082041,5707
2021-06-30 14:58:00,114.510118662,114.520045421,114.507239902,114.520045421,37817
2021-06-30 14:57:00,114.505155283,114.514982774,114.500191904,114.513195957,102509
2021-06-30 14:56:00,114.500191904,114.505155283,114.495228525,114.495228525,36123
2021-06-30 14:55:00,114.500191904,114.505155283,114.500191904,114.505155283,18303
2021-06-30 14:54:00,114.508828184,114.513295225,114.495228525,114.500191904,26936
2021-06-30 14:53:00,114.500191904,114.515082041,114.496916074,114.515082041,19019
2021-06-30 14:52:00,114.505155283,114.505155283,114.495228525,114.500191904,39682
2021-06-30 14:51:00,114.510118662,114.511806211,114.505155283,114.505155283,35883
2021-06-30 14:50:00,114.505155283,114.515082041,114.505155283,114.510118662,28588
2021-06-30 14:49:00,114.500191904,114.505155283,114.500191904,114.505155283,2496
2021-06-30 14:48:00,114.505155283,114.505155283,114.50366627,114.505155283,1083
2021-06-30 14:47:00,114.500191904,114.505155283,114.500191904,114.504956748,4884
2021-06-30 14:46:00,114.495228525,114.500191904,114.490265146,114.498206553,8593
2021-06-30 14:45:00,114.495228525,114.495228525,114.485301767,114.490265146,16741
2021-06-30 14:44:00,114.495228525,114.495228525,114.490265146,114.490265146,9092
2021-06-30 14:43:00,114.500191904,114.505056016,114.495228525,114.496221201,5375
2021-06-30 14:42:00,114.500191904,114.505155283,114.495228525,114.500191904,14644
2021-06-30 14:41:00,114.505056016,114.505155283,114.495228525,114.500191904,4073
2021-06-30 14:40:00,114.514784239,114.514784239,114.500191904,114.502177256,17039
2021-06-30 14:39:00,114.515082041,114.515082041,114.505155283,114.505155283,3335
2021-06-30 14:38:00,114.515082041,114.522824913,114.515082041,114.522824913,4238
2021-06-30 14:37:00,114.515082041,114.523122716,114.505155283,114.513593028,47074
2021-06-30 14:36:00,114.523519786,114.524016124,114.515082041,114.515082041,5074
2021-06-30 14:35:00,114.520045421,114.522824913,114.515082041,114.520045421,2760
2021-06-30 14:34:00,114.515082041,114.524909532,114.515082041,114.524909532,3816
2021-06-30 14:33:00,114.515082041,114.520045421,114.515082041,114.515082041,6195
2021-06-30 14:32:00,114.51925128,114.5250088,114.515082041,114.515082041,3466
2021-06-30 14:31:00,114.5250088,114.533446544,114.515082041,114.515082041,9053
2021-06-30 14:30:00,114.520045421,114.534935558,114.516968125,114.534935558,25014
2021-06-30 14:29:00,114.529277306,114.529475841,114.515181309,114.520045421,24944
2021-06-30 14:28:00,114.5250088,114.529972179,114.520045421,114.5250088,38490
2021-06-30 14:27:00,114.515082041,114.5250088,114.515082041,114.5250088,4887
2021-06-30 14:26:00,114.50733917,114.515082041,114.50733917,114.513593028,9304
2021-06-30 14:25:00,114.510118662,114.515082041,114.510118662,114.510118662,10870
2021-06-30 14:24:00,114.515082041,114.515082041,114.509622324,114.510118662,20210
2021-06-30 14:23:00,114.515082041,114.520045421,114.515082041,114.515082041,6645
2021-06-30 14:22:00,114.520045421,114.523221983,114.520045421,114.523221983,6889
2021-06-30 14:21:00,114.520045421,114.520045421,114.515181309,114.520045421,24931
2021-06-30 14:20:00,114.520045421,114.5250088,114.516571055,114.520045421,2615
2021-06-30 14:19:00,114.520045421,114.5250088,114.520045421,114.520045421,23704
2021-06-30 14:18:00,114.520045421,114.524909532,114.515082041,114.523420518,9077
2021-06-30 14:17:00,114.520045421,114.520045421,114.515082041,114.520045421,20614
2021-06-30 14:16:00,114.520045421,114.5250088,114.520045421,114.520045421,77714
2021-06-30 14:15:00,114.522824913,114.5250088,114.515082041,114.520045421,76029
2021-06-30 14:14:00,114.521633702,114.523519786,114.515082041,114.515082041,10315
2021-06-30 14:13:00,114.529972179,114.529972179,114.5250088,114.5250088,18554
2021-06-30 14:12:00,114.5250088,114.533942882,114.516074717,114.533942882,62951
2021-06-30 14:11:00,114.533446544,114.533446544,114.516074717,114.516571055,3742
2021-06-30 14:10:00,114.529972179,114.534935558,114.5250088,114.534935558,3846
2021-06-30 14:09:00,114.525108067,114.530170714,114.5250088,114.5250088,11187
2021-06-30 14:08:00,114.529972179,114.529972179,114.527986827,114.529972179,1487
2021-06-30 14:07:00,114.529972179,114.534935558,114.5250088,114.529972179,2693
2021-06-30 14:06:00,114.529972179,114.534935558,114.529972179,114.529972179,2108
2021-06-30 14:05:00,114.532751671,114.534935558,114.529972179,114.529972179,62103
2021-06-30 14:04:00,114.53483629,114.53483629,114.525703673,114.527689024,3685
2021-06-30 14:03:00,114.5250088,114.529972179,114.5250088,114.5250088,829
2021-06-30 14:02:00,114.529972179,114.53483629,114.5250088,114.5250088,1952
2021-06-30 14:01:00,114.540494542,114.540494542,114.5250088,114.5250088,64186
2021-06-30 14:00:00,114.544862316,114.544862316,114.534935558,114.544862316,29267
2021-06-30 13:59:00,114.539898937,114.544862316,114.535034825,114.544862316,5686
2021-06-30 13:58:00,114.539898937,114.544862316,114.535034825,114.539898937,6742
2021-06-30 13:57:00,114.544862316,114.544862316,114.534935558,114.539898937,10223
2021-06-30 13:56:00,114.544862316,114.544862316,114.539898937,114.539898937,23577
2021-06-30 13:55:00,114.539898937,114.544862316,114.539898937,114.544862316,4924
2021-06-30 13:54:00,114.542678429,114.543274035,114.534935558,114.534935558,35363
2021-06-30 13:53:00,114.534935558,114.541884288,114.534935558,114.541884288,6206
2021-06-30 13:52:00,114.539898937,114.544763048,114.534935558,114.539898937,31862
2021-06-30 13:51:00,114.539898937,114.544862316,114.539898937,114.539898937,28168
2021-06-30 13:50:00,114.539898937,114.544862316,114.539898937,114.539898937,8284
2021-06-30 13:49:00,114.539898937,114.544862316,114.535034825,114.539898937,6035
2021-06-30 13:48:00,114.539898937,114.544862316,114.539898937,114.539898937,4664
2021-06-30 13:47:00,114.539898937,114.544862316,114.534935558,114.539898937,4982
2021-06-30 13:46:00,114.534935558,114.544862316,114.534935558,114.534935558,6167
2021-06-30 13:45:00,114.539898937,114.544862316,114.535134093,114.542876964,12463
2021-06-30 13:44:00,114.544862316,114.544862316,114.539898937,114.544862316,1539
2021-06-30 13:43:00,114.539898937,114.544862316,114.535928234,114.539898937,4386
2021-06-30 13:42:00,114.534935558,114.544862316,114.534935558,114.539898937,96969
2021-06-30 13:41:00,114.534935558,114.534935558,114.530468517,114.534935558,2593
2021-06-30 13:40:00,114.534935558,114.534935558,114.530964854,114.530964854,1962
2021-06-30 13:39:00,114.529972179,114.534935558,114.5250088,114.534935558,4534
2021-06-30 13:38:00,114.526497813,114.533148741,114.5250088,114.529475841,13437
2021-06-30 13:37:00,114.520045421,114.530766319,114.516571055,114.529972179,13800
2021-06-30 13:36:00,114.520045421,114.520045421,114.520045421,114.520045421,1698
2021-06-30 13:35:00,114.515082041,114.5250088,114.515082041,114.5250088,4515
2021-06-30 13:34:00,114.505155283,114.5250088,114.500191904,114.520045421,40158
2021-06-30 13:33:00,114.500191904,114.500191904,114.500191904,114.500191904,9612
2021-06-30 13:32:00,114.500191904,114.503070664,114.500191904,114.500191904,1421
2021-06-30 13:31:00,114.495228525,114.505155283,114.495228525,114.504956748,31374
2021-06-30 13:30:00,114.510118662,114.513593028,114.495228525,114.500191904,11686
2021-06-30 13:29:00,114.510118662,114.510118662,114.510118662,114.510118662,24093
2021-06-30 13:28:00,114.510118662,114.515082041,114.506743565,114.510118662,6700
2021-06-30 13:27:00,114.510118662,114.515082041,114.508133311,114.510118662,5893
2021-06-30 13:26:00,114.510118662,114.513593028,114.507041367,114.510118662,4054
2021-06-30 13:25:00,114.510118662,114.510118662,114.510118662,114.510118662,10838
2021-06-30 13:24:00,114.514089366,114.514089366,114.510118662,114.510118662,4343
2021-06-30 13:23:00,114.523519786,114.523519786,114.510118662,114.511806211,2814
2021-06-30 13:22:00,114.520045421,114.523619053,114.515082041,114.518655674,2023
2021-06-30 13:21:00,114.5250088,114.5250088,114.520045421,114.520045421,6984
2021-06-30 13:20:00,114.533347276,114.533446544,114.527986827,114.529972179,1890
2021-06-30 13:19:00,114.529972179,114.534935558,114.526597081,114.533446544,3519
2021-06-30 13:18:00,114.534935558,114.534935558,114.5250088,114.529972179,11451
2021-06-30 13:17:00,114.529972179,114.534935558,114.525108067,114.534935558,25044
2021-06-30 13:16:00,114.534935558,114.534935558,114.529972179,114.529972179,22992
2021-06-30 13:15:00,114.534935558,114.54386964,114.534935558,114.534935558,11135
2021-06-30 13:14:00,114.539898937,114.539898937,114.534935558,114.534935558,11193
2021-06-30 13:13:00,114.534935558,114.542777697,114.534935558,114.534935558,1026
2021-06-30 13:12:00,114.534935558,114.539898937,114.534935558,114.534935558,24296
2021-06-30 13:11:00,114.534935558,114.540395275,114.534935558,114.534935558,3457
2021-06-30 13:10:00,114.534935558,114.543571837,114.534935558,114.534935558,16501
2021-06-30 13:09:00,114.534935558,114.542876964,114.534935558,114.534935558,6057
2021-06-30 13:08:00,114.539898937,114.544862316,114.537119445,114.539898937,2424
2021-06-30 13:07:00,114.535034825,114.544862316,114.534935558,114.544862316,5060
2021-06-30 13:06:00,114.539898937,114.544862316,114.537119445,114.539898937,1686
2021-06-30 13:05:00,114.539898937,114.544862316,114.539898937,114.539898937,2368
2021-06-30 13:04:00,114.539898937,114.544862316,114.534935558,114.539898937,12649
2021-06-30 13:03:00,114.534935558,114.544763048,114.534935558,114.539898937,6218
2021-06-30 13:02:00,114.544862316,114.544862316,114.534935558,114.539898937,2890
2021-06-30 13:01:00,114.534935558,114.539898937,114.534935558,114.539898937,22938
2021-06-30 13:00:00,114.534935558,114.539898937,114.534935558,114.534935558,8237
2021-06-30 12:59:00,114.534935558,114.539898937,114.534935558,114.534935558,2920
2021-06-30 12:58:00,114.534935558,114.543274035,114.534935558,114.539898937,6928
2021-06-30 12:57:00,114.539898937,114.543373302,114.534935558,114.534935558,1521
2021-06-30 12:56:00,114.539898937,114.544862316,114.534935558,114.539898937,7852
2021-06-30 12:55:00,114.539898937,114.543274035,114.539898937,114.539898937,3838
2021-06-30 12:54:00,114.539898937,114.549825695,114.539104796,114.539898937,27220
2021-06-30 12:53:00,114.539898937,114.544862316,114.539898937,114.539898937,2098
2021-06-30 12:52:00,114.544862316,114.544862316,114.534935558,114.539898937,8243
2021-06-30 12:51:00,114.554689806,114.554789074,114.544862316,114.549825695,15021
2021-06-30 12:50:00,114.545854992,114.553200793,114.544862316,114.549825695,6706
2021-06-30 12:49:00,114.549825695,114.554789074,114.546450597,114.554789074,2550
2021-06-30 12:48:00,114.55330006,114.55330006,114.544862316,114.549825695,5098
2021-06-30 12:47:00,114.563127551,114.563127551,114.549130822,114.549825695,4659
2021-06-30 12:46:00,114.556278088,114.563226818,114.554789074,114.559752453,904
2021-06-30 12:45:00,114.555980285,114.559752453,114.555980285,114.559752453,2900
2021-06-30 12:44:00,114.559752453,114.563226818,114.559752453,114.559752453,7046
2021-06-30 12:43:00,114.564715832,114.564715832,114.563226818,114.564715832,2614
2021-06-30 12:42:00,114.559752453,114.564715832,114.556972961,114.564715832,12884
2021-06-30 12:41:00,114.559752453,114.564715832,114.558759777,114.564715832,30627
2021-06-30 12:40:00,114.562531945,114.562631213,114.554789074,114.559752453,5146
2021-06-30 12:39:00,114.564219494,114.564219494,114.554789074,114.559752453,12420
2021-06-30 12:38:00,114.559752453,114.563226818,114.559752453,114.563226818,635
2021-06-30 12:37:00,114.563226818,114.563226818,114.554789074,114.554789074,1674
2021-06-30 12:36:00,114.559752453,114.564715832,114.559752453,114.564318762,16205
2021-06-30 12:35:00,114.554789074,114.559752453,114.554789074,114.559752453,19626
2021-06-30 12:34:00,114.553796398,114.554789074,114.546549865,114.549825695,5412
2021-06-30 12:33:00,114.554789074,114.554789074,114.545060851,114.545060851,51097
2021-06-30 12:32:00,114.554789074,114.554789074,114.54635133,114.551811047,3653
2021-06-30 12:31:00,114.544862316,114.554789074,114.544862316,114.549825695,21287
2021-06-30 12:30:00,114.549825695,114.554789074,114.549825695,114.554789074,4460
2021-06-30 12:29:00,114.559752453,114.564715832,114.549825695,114.549825695,2998
2021-06-30 12:28:00,114.559752453,114.559752453,114.557370031,114.559752453,1123
2021-06-30 12:27:00,114.559752453,114.564715832,114.559752453,114.559752453,9693
2021-06-30 12:26:00,114.559752453,114.559752453,114.554789074,114.559752453,3881
2021-06-30 12:25:00,114.560447326,114.564715832,114.559752453,114.559752453,11285
2021-06-30 12:24:00,114.563226818,114.563226818,114.556575891,114.556575891,1877
2021-06-30 12:23:00,114.556278088,114.564715832,114.556278088,114.559752453,4291
2021-06-30 12:22:00,114.559752453,114.564715832,114.559752453,114.564715832,14842
2021-06-30 12:21:00,114.559752453,114.559752453,114.556278088,114.559752453,1408
2021-06-30 12:20:00,114.559752453,114.564715832,114.559752453,114.564715832,2487
2021-06-30 12:19:00,114.564715832,114.564715832,114.558064904,114.564715832,1824
2021-06-30 12:18:00,114.559752453,114.564715832,114.556873693,114.564715832,10168
2021-06-30 12:17:00,114.554789074,114.564715832,114.554789074,114.559752453,9168
2021-06-30 12:16:00,114.564715832,114.564715832,114.554789074,114.563226818,4525
2021-06-30 12:15:00,114.572657239,114.573153577,114.556972961,114.564715832,6506
2021-06-30 12:14:00,114.562631213,114.573153577,114.554789074,114.573153577,17228
2021-06-30 12:13:00,114.554789074,114.564715832,114.554789074,114.559752453,14321
2021-06-30 12:12:00,114.566601916,114.57464259,114.564715832,114.564715832,61975
2021-06-30 12:11:00,114.569679211,114.572458704,114.564715832,114.56521217,43282
2021-06-30 12:10:00,114.559752453,114.57464259,114.554789074,114.569679211,36274
2021-06-30 12:09:00,114.564715832,114.564715832,114.559752453,114.559752453,4898
2021-06-30 12:08:00,114.559752453,114.564715832,114.559752453,114.559752453,4176
2021-06-30 12:07:00,114.559752453,114.564715832,114.554789074,114.557767101,5874
2021-06-30 12:06:00,114.559752453,114.564715832,114.559752453,114.559752453,3735
2021-06-30 12:05:00,114.556972961,114.564715832,114.554789074,114.559752453,23225
2021-06-30 12:04:00,114.559752453,114.564715832,114.554789074,114.559752453,4293
2021-06-30 12:03:00,114.561638537,114.564715832,114.559752453,114.559752453,2863
2021-06-30 12:02:00,114.559752453,114.564715832,114.556278088,114.556278088,11537
2021-06-30 12:01:00,114.559752453,114.564715832,114.559752453,114.559752453,12478
2021-06-30 12:00:00,114.564715832,114.564715832,114.559752453,114.564715832,744
2021-06-30 11:59:00,114.556675158,114.564715832,114.556278088,114.564715832,2148
2021-06-30 11:58:00,114.559752453,114.564616565,114.556972961,114.564616565,10364
2021-06-30 11:57:00,114.559752453,114.564715832,114.554789074,114.564715832,4184
2021-06-30 11:56:00,114.554789074,114.564715832,114.554789074,114.564715832,10084
2021-06-30 11:55:00,114.549825695,114.554789074,114.549825695,114.554789074,2492
2021-06-30 11:54:00,114.547046203,114.549825695,114.544862316,114.549825695,3456
2021-06-30 11:53:00,114.539898937,114.554789074,114.537119445,114.549825695,12734
2021-06-30 11:52:00,114.544862316,114.544862316,114.536424571,114.539898937,9124
2021-06-30 11:51:00,114.539898937,114.544862316,114.539898937,114.539898937,34634
2021-06-30 11:50:00,114.539898937,114.544862316,114.536424571,114.539898937,4381
2021-06-30 11:49:00,114.539898937,114.544862316,114.536920909,114.539898937,11387
2021-06-30 11:48:00,114.536623107,114.543075499,114.536623107,114.539898937,4201
2021-06-30 11:47:00,114.554789074,114.554789074,114.539898937,114.539898937,16057
2021-06-30 11:46:00,114.559752453,114.559752453,114.554789074,114.554789074,20250
2021-06-30 11:45:00,114.559752453,114.564715832,114.559752453,114.559752453,3214
2021-06-30 11:44:00,114.554789074,114.559752453,114.554789074,114.559752453,4516
2021-06-30 11:43:00,114.563127551,114.563127551,114.554789074,114.554789074,10358
2021-06-30 11:42:00,114.564715832,114.57464259,114.559752453,114.559752453,2211
2021-06-30 11:41:00,114.564715832,114.569679211,114.564715832,114.564715832,5418
2021-06-30 11:40:00,114.57464259,114.582385462,114.564715832,114.564715832,5154
2021-06-30 11:39:00,114.584569348,114.594496107,114.57464259,114.57464259,24388
2021-06-30 11:38:00,114.589532728,114.593900501,114.584569348,114.589532728,9583
2021-06-30 11:37:00,114.579605969,114.594496107,114.579605969,114.589532728,6294
2021-06-30 11:36:00,114.579605969,114.584569348,114.57464259,114.579605969,6605
2021-06-30 11:35:00,114.56769386,114.579605969,114.56769386,114.579605969,12452
2021-06-30 11:34:00,114.559752453,114.572458704,114.559752453,114.569679211,9142
2021-06-30 11:33:00,114.559752453,114.559752453,114.554789074,114.559752453,98747
2021-06-30 11:32:00,114.556972961,114.559752453,114.554789074,114.559752453,3821
2021-06-30 11:31:00,114.556774426,114.559752453,114.554789074,114.559752453,1241
2021-06-30 11:30:00,114.559752453,114.564715832,114.554789074,114.559752453,7084
2021-06-30 11:29:00,114.549825695,114.564715832,114.549825695,114.559752453,8648
2021-06-30 11:28:00,114.549825695,114.554789074,114.547344005,114.554789074,8686
2021-06-30 11:27:00,114.554789074,114.554789074,114.549825695,114.549825695,12567
2021-06-30 11:26:00,114.554491271,114.554789074,114.545259386,114.554789074,6040
2021-06-30 11:25:00,114.549825695,114.554789074,114.544862316,114.551513244,33993
2021-06-30 11:24:00,114.554789074,114.554789074,114.544862316,114.549825695,20433
2021-06-30 11:23:00,114.549825695,114.554789074,114.54635133,114.554789074,5011
2021-06-30 11:22:00,114.549825695,114.554789074,114.549825695,114.549825695,2286
2021-06-30 11:21:00,114.539898937,114.549825695,114.539898937,114.549825695,35142
2021-06-30 11:20:00,114.539898937,114.54386964,114.539898937,114.539898937,1074
2021-06-30 11:19:00,114.536424571,114.544862316,114.536424571,114.537119445,15504
2021-06-30 11:18:00,114.549825695,114.554689806,114.539898937,114.539898937,3666
2021-06-30 11:17:00,114.559752453,114.559752453,114.549825695,114.549825695,8350
2021-06-30 11:16:00,114.564715832,114.564715832,114.554789074,114.559752453,3174
2021-06-30 11:15:00,114.579605969,114.579605969,114.556278088,114.559752453,11029
2021-06-30 11:14:00,114.57464259,114.583576673,114.57464259,114.57464259,2518
2021-06-30 11:13:00,114.579605969,114.584569348,114.57464259,114.57464259,7436
2021-06-30 11:12:00,114.584569348,114.584569348,114.579605969,114.579605969,6216
2021-06-30 11:11:00,114.579605969,114.581194251,114.579605969,114.579605969,15471
2021-06-30 11:10:00,114.584569348,114.589532728,114.579605969,114.579605969,3546
2021-06-30 11:09:00,114.594496107,114.594496107,114.584569348,114.589532728,3579
2021-06-30 11:08:00,114.586058362,114.594496107,114.586058362,114.594496107,29266
2021-06-30 11:07:00,114.593503431,114.594496107,114.5865547,114.594496107,2326
2021-06-30 11:06:00,114.594496107,114.594496107,114.587547376,114.594496107,10056
2021-06-30 11:05:00,114.589532728,114.594496107,114.589532728,114.594496107,1458
2021-06-30 11:04:00,114.594396839,114.594496107,114.589532728,114.591518079,1795
2021-06-30 11:03:00,114.589532728,114.594496107,114.589532728,114.589532728,6030
2021-06-30 11:02:00,114.594496107,114.594496107,114.585164954,114.589532728,16308
2021-06-30 11:01:00,114.594496107,114.594496107,114.594496107,114.594496107,8440
2021-06-30 11:00:00,114.589532728,114.594496107,114.589532728,114.589532728,20796
2021-06-30 10:59:00,114.589532728,114.594496107,114.5865547,114.589532728,33967
2021-06-30 10:58:00,114.589532728,114.594496107,114.587845179,114.589532728,6049
2021-06-30 10:57:00,114.594396839,114.594396839,114.586753235,114.593503431,2861
2021-06-30 10:56:00,114.594496107,114.594496107,114.584569348,114.589532728,2513
2021-06-30 10:55:00,114.59598512,114.604422865,114.594496107,114.599459486,2788
2021-06-30 10:54:00,114.594496107,114.603430189,114.594496107,114.602636048,8302
2021-06-30 10:53:00,114.579605969,114.604422865,114.579605969,114.594496107,13517
2021-06-30 10:52:00,114.584569348,114.584569348,114.57464259,114.584172278,4719
2021-06-30 10:51:00,114.57464259,114.579605969,114.57464259,114.577918421,1823
2021-06-30 10:50:00,114.569679211,114.579605969,114.564715832,114.57464259,17838
2021-06-30 10:49:00,114.569679211,114.57464259,114.569679211,114.569679211,3924
2021-06-30 10:48:00,114.569679211,114.57464259,114.565708508,114.569679211,9443
2021-06-30 10:47:00,114.57464259,114.57464259,114.566204846,114.569679211,5779
2021-06-30 10:46:00,114.559752453,114.578216223,114.559752453,114.578216223,3182
2021-06-30 10:45:00,114.554789074,114.554789074,114.548138146,114.554789074,3892
2021-06-30 10:44:00,114.564715832,114.564715832,114.554789074,114.554789074,1739
2021-06-30 10:43:00,114.559752453,114.564715832,114.554789074,114.564715832,1232
2021-06-30 10:42:00,114.559752453,114.564715832,114.556972961,114.559752453,3317
2021-06-30 10:41:00,114.559752453,114.564715832,114.559752453,114.559752453,780
2021-06-30 10:40:00,114.559752453,114.564715832,114.557767101,114.559752453,2089
2021-06-30 10:39:00,114.554789074,114.563127551,114.554789074,114.563127551,2106
2021-06-30 10:38:00,114.572458704,114.572458704,114.554789074,114.559752453,6577
2021-06-30 10:37:00,114.564715832,114.57464259,114.564715832,114.569679211,6480
2021-06-30 10:36:00,114.57464259,114.57464259,114.566204846,114.57464259,1769
2021-06-30 10:35:00,114.564715832,114.57464259,114.564715832,114.57464259,2171
2021-06-30 10:34:00,114.549825695,114.564715832,114.549825695,114.564715832,16307
2021-06-30 10:33:00,114.55330006,114.554789074,114.549825695,114.554789074,1650
2021-06-30 10:32:00,114.549825695,114.554789074,114.547840343,114.553895666,9824
2021-06-30 10:31:00,114.548634484,114.554789074,114.544862316,114.544862316,3546
2021-06-30 10:30:00,114.549825695,114.552803722,114.544862316,114.5467484,6438
2021-06-30 10:29:00,114.544862316,114.552605187,114.539898937,114.544862316,4861
2021-06-30 10:28:00,114.539898937,114.544862316,114.536424571,114.539898937,1670
2021-06-30 10:27:00,114.544763048,114.544862316,114.539898937,114.539898937,2142
2021-06-30 10:26:00,114.544763048,114.544862316,114.539898937,114.539898937,10585
2021-06-30 10:25:00,114.529972179,114.539898937,114.529972179,114.535431896,41734
2021-06-30 10:24:00,114.539898937,114.539898937,114.529972179,114.53483629,8034
2021-06-30 10:23:00,114.542777697,114.544862316,114.536424571,114.539898937,1801
2021-06-30 10:22:00,114.525108067,114.544763048,114.525108067,114.544763048,8903
2021-06-30 10:21:00,114.534935558,114.534935558,114.529972179,114.529972179,5867
2021-06-30 10:20:00,114.543373302,114.543373302,114.536424571,114.536424571,950
2021-06-30 10:19:00,114.542876964,114.544862316,114.537913585,114.539898937,15588
2021-06-30 10:18:00,114.544862316,114.553002258,114.537913585,114.537913585,2383
2021-06-30 10:17:00,114.541586486,114.544862316,114.534935558,114.541189415,10664
2021-06-30 10:16:00,114.534935558,114.539898937,114.534935558,114.538310656,625
2021-06-30 10:15:00,114.544862316,114.549825695,114.539898937,114.539898937,12908
2021-06-30 10:14:00,114.544862316,114.544862316,114.541288683,114.544862316,3047
2021-06-30 10:13:00,114.544862316,114.549825695,114.534935558,114.544862316,6570
2021-06-30 10:12:00,114.534935558,114.544862316,114.529972179,114.539898937,15276
2021-06-30 10:11:00,114.538806993,114.544862316,114.534935558,114.544862316,1964
2021-06-30 10:10:00,114.539898937,114.544862316,114.535134093,114.539898937,1496
2021-06-30 10:09:00,114.534935558,114.544862316,114.534935558,114.539898937,23945
2021-06-30 10:08:00,114.529972179,114.534935558,114.526497813,114.534935558,4709
2021-06-30 10:07:00,114.541785021,114.544862316,114.529972179,114.534935558,30861
2021-06-30 10:05:00,114.534935558,114.539898937,114.534935558,114.539898937,3687
2021-06-30 10:04:00,114.534935558,114.534935558,114.526497813,114.534935558,7177
2021-06-30 10:03:00,114.5250088,114.534935558,114.5250088,114.525108067,5577
2021-06-30 10:02:00,114.518060069,114.5250088,114.515082041,114.5250088,24648
2021-06-30 10:01:00,114.534935558,114.534935558,114.520045421,114.520045421,2886
2021-06-30 10:00:00,114.518159336,114.539898937,114.515082041,114.539898937,13849
2021-06-30 09:59:00,114.521236631,114.5250088,114.51964835,114.5250088,9269
2021-06-30 09:58:00,114.515082041,114.525703673,114.515082041,114.516571055,8128
2021-06-30 09:57:00,114.515082041,114.515082041,114.510118662,114.515082041,121752
2021-06-30 09:56:00,114.518953477,114.5250088,114.510118662,114.515082041,3744
2021-06-30 09:55:00,114.520045421,114.5250088,114.520045421,114.522824913,1069
2021-06-30 09:54:00,114.534935558,114.534935558,114.5250088,114.5250088,4757
2021-06-30 09:53:00,114.539898937,114.544862316,114.534935558,114.544862316,5383
2021-06-30 09:52:00,114.529972179,114.539898937,114.529972179,114.53523336,3773
2021-06-30 09:51:00,114.544862316,114.544862316,114.5250088,114.5250088,6062
2021-06-30 09:50:00,114.539898937,114.539898937,114.539898937,114.539898937,680
2021-06-30 09:49:00,114.549825695,114.554789074,114.534935558,114.539898937,7035
2021-06-30 09:48:00,114.534935558,114.549825695,114.534935558,114.549825695,7812
2021-06-30 09:47:00,114.5250088,114.534935558,114.5250088,114.533446544,5508
2021-06-30 09:46:00,114.51964835,114.53483629,114.515082041,114.53483629,22203
2021-06-30 09:45:00,114.510118662,114.5250088,114.510118662,114.515082041,11845
2021-06-30 09:44:00,114.510118662,114.515082041,114.510118662,114.510118662,3853
2021-06-30 09:43:00,114.505155283,114.515082041,114.505155283,114.510118662,13449
2021-06-30 09:42:00,114.5250088,114.5250088,114.505155283,114.505155283,2305
2021-06-30 09:41:00,114.5250088,114.5250088,114.520045421,114.5250088,965
2021-06-30 09:40:00,114.520045421,114.5250088,114.515082041,114.520045421,4319
2021-06-30 09:39:00,114.520045421,114.5250088,114.517464463,114.520045421,1563
2021-06-30 09:38:00,114.5250088,114.5250088,114.515082041,114.520045421,3699
2021-06-30 09:37:00,114.510118662,114.5250088,114.510118662,114.5250088,2159
2021-06-30 09:36:00,114.529972179,114.529972179,114.505155283,114.510118662,8724
2021-06-30 09:35:00,114.529972179,114.529972179,114.526696348,114.529972179,1898
2021-06-30 09:34:00,114.5250088,114.529972179,114.515082041,114.529972179,20705
2021-06-30 09:33:00,114.5250088,114.533049474,114.520045421,114.5250088,8522
2021-06-30 09:32:00,114.505155283,114.515082041,114.505155283,114.515082041,3263
2021-06-30 09:31:00,114.515082041,114.515082041,114.500191904,114.505155283,112372
2021-06-29 16:04:00,114.405887702,114.405887702,114.405887702,114.405887702,378000
2021-06-29 16:01:00,114.405887702,114.405887702,114.405887702,114.405887702,1303
2021-06-29 16:00:00,114.390997565,114.405887702,114.386034185,114.405887702,385813
2021-06-29 15:59:00,114.386034185,114.395960944,114.386034185,114.390997565,58841
2021-06-29 15:58:00,114.386034185,114.395960944,114.386034185,114.386034185,26439
2021-06-29 15:57:00,114.389012213,114.390997565,114.386034185,114.386034185,224541
2021-06-29 15:56:00,114.366180669,114.390997565,114.366180669,114.390997565,155580
2021-06-29 15:55:00,114.366180669,114.376107427,114.366180669,114.366180669,7001
2021-06-29 15:54:00,114.36121729,114.366180669,114.356253911,114.366180669,60198
2021-06-29 15:53:00,114.36121729,114.36121729,114.356253911,114.36121729,5906
2021-06-29 15:52:00,114.376107427,114.376107427,114.357742925,114.358437798,18695
2021-06-29 15:51:00,114.366180669,114.376107427,114.366180669,114.376107427,9869
2021-06-29 15:50:00,114.371342583,114.376107427,114.366180669,114.376107427,6684
2021-06-29 15:49:00,114.376107427,114.376107427,114.366180669,114.376107427,7201
2021-06-29 15:48:00,114.383056158,114.383056158,114.366180669,114.366180669,14047
2021-06-29 15:47:00,114.381070806,114.385339312,114.376107427,114.381070806,10397
2021-06-29 15:46:00,114.376107427,114.376107427,114.366180669,114.376107427,22047
2021-06-29 15:45:00,114.386034185,114.386034185,114.376107427,114.379085455,3895
2021-06-29 15:44:00,114.37968106,114.386034185,114.376107427,114.376107427,2077
2021-06-29 15:43:00,114.376107427,114.386034185,114.376107427,114.381070806,9785
2021-06-29 15:42:00,114.375809625,114.376107427,114.367669683,114.371144048,5790
2021-06-29 15:41:00,114.376107427,114.376107427,114.366180669,114.371144048,4538
2021-06-29 15:40:00,114.376107427,114.376107427,114.366180669,114.366180669,7272
2021-06-29 15:39:00,114.37600816,114.376107427,114.366180669,114.376107427,7916
2021-06-29 15:38:00,114.372533794,114.376107427,114.372533794,114.3731294,1093
2021-06-29 15:37:00,114.381070806,114.381070806,114.370151372,114.370151372,4707
2021-06-29 15:36:00,114.381070806,114.385934918,114.381070806,114.381070806,1562
2021-06-29 15:35:00,114.381070806,114.383651764,114.376107427,114.381070806,2483
2021-06-29 15:34:00,114.377100103,114.38255982,114.376107427,114.376107427,1132
2021-06-29 15:33:00,114.385934918,114.386034185,114.381070806,114.383850299,2130
2021-06-29 15:32:00,114.38792027,114.395861676,114.376206695,114.376206695,8520
2021-06-29 15:31:00,114.368364556,114.395960944,114.368364556,114.395960944,3445
2021-06-29 15:30:00,114.376107427,114.376107427,114.366180669,114.372831597,4154
2021-06-29 15:29:00,114.371144048,114.376107427,114.368364556,114.368364556,1646
2021-06-29 15:28:00,114.371144048,114.374221343,114.366180669,114.371144048,6500
2021-06-29 15:27:00,114.366279937,114.374221343,114.366180669,114.374221343,3203
2021-06-29 15:26:00,114.371144048,114.371144048,114.371144048,114.371144048,1341
2021-06-29 15:25:00,114.374618414,114.374618414,114.367669683,114.374122076,1812
2021-06-29 15:24:00,114.371541119,114.376107427,114.366180669,114.369754302,4441
2021-06-29 15:23:00,114.366180669,114.376107427,114.366180669,114.368364556,5026
2021-06-29 15:22:00,114.365485796,114.366180669,114.365287261,114.365287261,1993
2021-06-29 15:21:00,114.357742925,114.357742925,114.357742925,114.357742925,1015
2021-06-29 15:20:00,114.366180669,114.366180669,114.358139995,114.363202642,4491
2021-06-29 15:19:00,114.374022808,114.374022808,114.366180669,114.366180669,1620
2021-06-29 15:18:00,114.371541119,114.376107427,114.368364556,114.368364556,2493
2021-06-29 15:17:00,114.381368609,114.386034185,114.369158697,114.369158697,6307
2021-06-29 15:16:00,114.390997565,114.390997565,114.377100103,114.382758355,3424
2021-06-29 15:15:00,114.395960944,114.395960944,114.390997565,114.390997565,4110
2021-06-29 15:14:00,114.388218072,114.395960944,114.388218072,114.395960944,1177
2021-06-29 15:13:00,114.386034185,114.390997565,114.386034185,114.390997565,2200
2021-06-29 15:12:00,114.386034185,114.395960944,114.386034185,114.389310016,16148
2021-06-29 15:11:00,114.380177398,114.395861676,114.380177398,114.395861676,8779
2021-06-29 15:10:00,114.386034185,114.386034185,114.377100103,114.383155426,845
2021-06-29 15:09:00,114.388218072,114.395960944,114.386034185,114.386133453,10943
2021-06-29 15:08:00,114.395960944,114.395960944,114.388218072,114.388218072,3444
2021-06-29 15:07:00,114.394968268,114.395960944,114.387026861,114.389310016,2774
2021-06-29 15:06:00,114.390997565,114.395960944,114.390997565,114.390997565,5304
2021-06-29 15:05:00,114.376305962,114.390004889,114.376305962,114.390004889,7614
2021-06-29 15:04:00,114.381070806,114.386034185,114.381070806,114.386034185,3242
2021-06-29 15:03:00,114.381070806,114.386034185,114.376107427,114.381070806,6529
2021-06-29 15:02:00,114.381070806,114.386034185,114.381070806,114.385934918,1549
2021-06-29 15:01:00,114.381070806,114.386034185,114.381070806,114.386034185,3231
2021-06-29 15:00:00,114.376107427,114.386034185,114.371144048,114.381070806,20382
2021-06-29 14:59:00,114.37600816,114.37600816,114.371144048,114.371144048,2896
2021-06-29 14:58:00,114.371144048,114.376107427,114.371144048,114.376107427,437
2021-06-29 14:57:00,114.378986187,114.383850299,114.376107427,114.376107427,1124
2021-06-29 14:56:00,114.377100103,114.385140777,114.377100103,114.381070806,1644
2021-06-29 14:55:00,114.385934918,114.385934918,114.380078131,114.380078131,2566
2021-06-29 14:54:00,114.385140777,114.385934918,114.376305962,114.376305962,1655
2021-06-29 14:53:00,114.379482525,114.38504151,114.377596441,114.38504151,3355
2021-06-29 14:52:00,114.38504151,114.38504151,114.382361285,114.382361285,614
2021-06-29 14:51:00,114.378291314,114.386034185,114.376107427,114.376107427,30070
2021-06-29 14:50:00,114.384346637,114.384346637,114.376107427,114.384247369,1315
2021-06-29 14:49:00,114.376206695,114.386034185,114.376107427,114.386034185,1088
2021-06-29 14:48:00,114.378291314,114.386034185,114.377695709,114.386034185,841
2021-06-29 14:47:00,114.381070806,114.385934918,114.376107427,114.376107427,1581
2021-06-29 14:46:00,114.368364556,114.376107427,114.368364556,114.376107427,4330
2021-06-29 14:45:00,114.386034185,114.386034185,114.376107427,114.381070806,5007
2021-06-29 14:44:00,114.376107427,114.381070806,114.376107427,114.381070806,7203
2021-06-29 14:43:00,114.371144048,114.376107427,114.366180669,114.371144048,24802
2021-06-29 14:42:00,114.371144048,114.371144048,114.37064771,114.37064771,1564
2021-06-29 14:41:00,114.374618414,114.376107427,114.37273233,114.375809625,1988
2021-06-29 14:40:00,114.371144048,114.376107427,114.366180669,114.366180669,656
2021-06-29 14:39:00,114.371144048,114.376107427,114.371144048,114.37600816,5769
2021-06-29 14:38:00,114.371144048,114.376107427,114.367669683,114.376107427,3259
2021-06-29 14:37:00,114.366180669,114.373923541,114.366180669,114.373923541,512
2021-06-29 14:36:00,114.376107427,114.376107427,114.374022808,114.374022808,667
2021-06-29 14:35:00,114.371144048,114.371144048,114.366180669,114.367471148,1401
2021-06-29 14:34:00,114.371144048,114.37600816,114.368364556,114.371144048,1571
2021-06-29 14:33:00,114.366875542,114.376107427,114.366180669,114.371144048,2203
2021-06-29 14:32:00,114.366279937,114.37600816,114.366180669,114.37600816,3678
2021-06-29 14:31:00,114.371144048,114.373625738,114.371144048,114.373625738,485
2021-06-29 14:30:00,114.366180669,114.368066753,114.356253911,114.368066753,3679
2021-06-29 14:29:00,114.35794146,114.366180669,114.35794146,114.366081402,9242
2021-06-29 14:28:00,114.36121729,114.366180669,114.356253911,114.366180669,167320
2021-06-29 14:27:00,114.357742925,114.36121729,114.357742925,114.36121729,1088
2021-06-29 14:26:00,114.361912163,114.361912163,114.36121729,114.36121729,9225
2021-06-29 14:25:00,114.360522417,114.366180669,114.360522417,114.366081402,15578
2021-06-29 14:24:00,114.356353179,114.366180669,114.356353179,114.366180669,3181
2021-06-29 14:23:00,114.36121729,114.366180669,114.360026079,114.366180669,1309
2021-06-29 14:22:00,114.357742925,114.366180669,114.356551714,114.36121729,8054
2021-06-29 14:21:00,114.36121729,114.362110698,114.356253911,114.362110698,1314
2021-06-29 14:20:00,114.36121729,114.366180669,114.36121729,114.366180669,761
2021-06-29 14:19:00,114.373923541,114.374618414,114.366180669,114.366180669,6539
2021-06-29 14:18:00,114.371144048,114.374618414,114.366180669,114.366180669,1997
2021-06-29 14:17:00,114.371144048,114.37600816,114.366180669,114.374618414,8498
2021-06-29 14:16:00,114.371144048,114.374320611,114.371144048,114.374320611,1265
2021-06-29 14:15:00,114.368364556,114.374519146,114.368364556,114.371144048,1748
2021-06-29 14:14:00,114.374618414,114.374618414,114.371144048,114.371144048,1626
2021-06-29 14:13:00,114.371144048,114.376107427,114.371144048,114.372633062,1326
2021-06-29 14:12:00,114.375412554,114.376107427,114.368066753,114.371144048,2873
2021-06-29 14:11:00,114.371144048,114.374221343,114.366180669,114.371144048,4814
2021-06-29 14:10:00,114.366180669,114.37600816,114.366180669,114.371144048,2437
2021-06-29 14:09:00,114.366180669,114.366180669,114.36121729,114.36121729,669
2021-06-29 14:08:00,114.36121729,114.36121729,114.36121729,114.36121729,475
2021-06-29 14:07:00,114.358437798,114.358437798,114.358437798,114.358437798,477
2021-06-29 14:06:00,114.356253911,114.366180669,114.356253911,114.36121729,1147
2021-06-29 14:05:00,114.366180669,114.366180669,114.358040727,114.358040727,3936
2021-06-29 14:04:00,114.358636333,114.365982134,114.356253911,114.36121729,4712
2021-06-29 14:03:00,114.363202642,114.366180669,114.361316558,114.366180669,2908
2021-06-29 14:02:00,114.356253911,114.362607036,114.356253911,114.362607036,5169
2021-06-29 14:01:00,114.356253911,114.356253911,114.350297856,114.350297856,1017
2021-06-29 14:00:00,114.363996782,114.365187993,114.356253911,114.356253911,4143
2021-06-29 13:59:00,114.36121729,114.36121729,114.36121729,114.36121729,919
2021-06-29 13:58:00,114.358239263,114.366081402,114.356253911,114.356253911,5775
2021-06-29 13:57:00,114.357048052,114.36121729,114.357048052,114.36121729,977
2021-06-29 13:56:00,114.36121729,114.36121729,114.357742925,114.357742925,566
2021-06-29 13:55:00,114.362706304,114.362706304,114.362706304,114.362706304,500
2021-06-29 13:54:00,114.358437798,114.366081402,114.358437798,114.359529741,2635
2021-06-29 13:53:00,114.366180669,114.366180669,114.36121729,114.366180669,2482
2021-06-29 13:52:00,114.36121729,114.36121729,114.356253911,114.356253911,310
2021-06-29 13:51:00,114.366180669,114.366180669,114.356353179,114.356353179,3089
2021-06-29 13:50:00,114.363599712,114.366180669,114.356253911,114.356253911,3296
2021-06-29 13:49:00,114.36121729,114.366180669,114.357842192,114.357842192,3213
2021-06-29 13:47:00,114.36121729,114.36121729,114.356253911,114.356253911,2853
2021-06-29 13:46:00,114.364691655,114.366180669,114.36121729,114.366180669,1868
2021-06-29 13:45:00,114.366081402,114.366180669,114.364691655,114.366180669,1057
2021-06-29 13:44:00,114.366081402,114.366081402,114.36121729,114.36121729,1495
2021-06-29 13:43:00,114.358437798,114.358437798,114.356353179,114.356353179,1067
2021-06-29 13:42:00,114.356253911,114.366180669,114.356253911,114.360720952,4878
2021-06-29 13:41:00,114.356154643,114.356253911,114.346327153,114.351290532,1962
2021-06-29 13:40:00,114.351290532,114.351290532,114.351290532,114.351290532,820
2021-06-29 13:39:00,114.356253911,114.356253911,114.350000053,114.350000053,1004
2021-06-29 13:37:00,114.367669683,114.375114751,114.356253911,114.356253911,4935
2021-06-29 13:36:00,114.371144048,114.376107427,114.367570415,114.367669683,2716
2021-06-29 13:35:00,114.366180669,114.371144048,114.366180669,114.366180669,5051
2021-06-29 13:34:00,114.371144048,114.371144048,114.366279937,114.366279937,5275
2021-06-29 13:33:00,114.371144048,114.371144048,114.371144048,114.371144048,804
2021-06-29 13:32:00,114.366180669,114.369754302,114.366180669,114.369754302,1454
2021-06-29 13:31:00,114.366180669,114.366180669,114.36121729,114.36121729,4712
2021-06-29 13:30:00,114.364691655,114.371144048,114.364691655,114.371144048,2705
2021-06-29 13:29:00,114.351290532,114.359231938,114.351290532,114.359231938,25643
2021-06-29 13:28:00,114.356253911,114.356253911,114.351290532,114.356253911,1478
2021-06-29 13:27:00,114.356253911,114.356253911,114.348411772,114.351290532,2341
2021-06-29 13:26:00,114.356253911,114.356253911,114.348312504,114.351290532,4740
2021-06-29 13:25:00,114.356253911,114.36121729,114.356253911,114.36121729,1557
2021-06-29 13:24:00,114.36121729,114.36121729,114.356353179,114.35833853,877
2021-06-29 13:23:00,114.36121729,114.365187993,114.358437798,114.364890191,3544
2021-06-29 13:22:00,114.358437798,114.363996782,114.358437798,114.363996782,465
2021-06-29 13:21:00,114.36121729,114.36121729,114.356253911,114.356253911,2398
2021-06-29 13:20:00,114.360125347,114.364691655,114.360125347,114.36121729,1900
2021-06-29 13:19:00,114.356253911,114.356253911,114.356253911,114.356253911,167
2021-06-29 13:18:00,114.362110698,114.366180669,114.36121729,114.362706304,1435
2021-06-29 13:17:00,114.366180669,114.366180669,114.36121729,114.366180669,532
2021-06-29 13:16:00,114.364691655,114.366180669,114.356253911,114.366180669,2456
2021-06-29 13:15:00,114.356253911,114.362408501,114.356253911,114.362408501,447
2021-06-29 13:14:00,114.366180669,114.366180669,114.356253911,114.359728276,3665
2021-06-29 13:13:00,114.36121729,114.366180669,114.36121729,114.366180669,1163
2021-06-29 13:12:00,114.366180669,114.366180669,114.356253911,114.356253911,450
2021-06-29 13:11:00,114.366180669,114.366180669,114.36121729,114.36121729,540
2021-06-29 13:10:00,114.356253911,114.358437798,114.356253911,114.358437798,583
2021-06-29 13:09:00,114.36121729,114.36121729,114.359132671,114.359132671,386
2021-06-29 13:08:00,114.364294585,114.366180669,114.36121729,114.365982134,7054
2021-06-29 13:07:00,114.364691655,114.364691655,114.359231938,114.364393853,2106
2021-06-29 13:06:00,114.365485796,114.365485796,114.365485796,114.365485796,421
2021-06-29 13:05:00,114.361515093,114.365287261,114.361515093,114.364691655,1883
2021-06-29 13:04:00,114.365287261,114.365585064,114.36121729,114.36121729,943
2021-06-29 13:03:00,114.364691655,114.364691655,114.358040727,114.364691655,1250
2021-06-29 13:02:00,114.371144048,114.373030132,114.366180669,114.366180669,54569
2021-06-29 13:01:00,114.356253911,114.366180669,114.356253911,114.366180669,8481
2021-06-29 13:00:00,114.356551714,114.364691655,114.356551714,114.364691655,23262
2021-06-29 12:59:00,114.359926812,114.366180669,114.359926812,114.366180669,548
2021-06-29 12:58:00,114.356253911,114.366180669,114.356253911,114.366180669,10284
2021-06-29 12:57:00,114.366180669,114.366180669,114.36121729,114.36121729,1449
2021-06-29 12:56:00,114.366180669,114.374419878,114.366180669,114.366180669,2449
2021-06-29 12:55:00,114.371144048,114.374618414,114.371144048,114.374618414,2303
2021-06-29 12:54:00,114.366180669,114.376107427,114.366180669,114.371144048,4318
2021-06-29 12:53:00,114.366081402,114.369754302,114.366081402,114.369754302,2260
2021-06-29 12:52:00,114.363996782,114.366180669,114.363996782,114.366180669,518
2021-06-29 12:51:00,114.363996782,114.363996782,114.347319829,114.356253911,13572
2021-06-29 12:50:00,114.347022026,114.356253911,114.347022026,114.356253911,2039
2021-06-29 12:49:00,114.351290532,114.356253911,114.34642642,114.34642642,2384
2021-06-29 12:48:00,114.356253911,114.357842192,114.34642642,114.349900786,5052
2021-06-29 12:47:00,114.356253911,114.36121729,114.356253911,114.36121729,2544
2021-06-29 12:46:00,114.364691655,114.366081402,114.364691655,114.366081402,894
2021-06-29 12:45:00,114.366180669,114.366180669,114.366180669,114.366180669,1869
2021-06-29 12:44:00,114.363996782,114.365187993,114.36121729,114.365187993,1141
2021-06-29 12:43:00,114.356353179,114.356353179,114.356353179,114.356353179,362
2021-06-29 12:42:00,114.356253911,114.356253911,114.356253911,114.356253911,2422
2021-06-29 12:41:00,114.356253911,114.356253911,114.351290532,114.351290532,742
2021-06-29 12:40:00,114.351290532,114.351290532,114.351290532,114.351290532,907
2021-06-29 12:39:00,114.356253911,114.357842192,114.347319829,114.356253911,9769
2021-06-29 12:38:00,114.360224614,114.360224614,114.360224614,114.360224614,626
2021-06-29 12:37:00,114.360323882,114.36121729,114.360323882,114.36121729,627
2021-06-29 12:36:00,114.366180669,114.366180669,114.36121729,114.36121729,3380
2021-06-29 12:35:00,114.358437798,114.364393853,114.35833853,114.364393853,1106
2021-06-29 12:34:00,114.356253911,114.357742925,114.351290532,114.357742925,13889
2021-06-29 12:33:00,114.366180669,114.366180669,114.358437798,114.359231938,6479
2021-06-29 12:32:00,114.367669683,114.367669683,114.356253911,114.366081402,3796
2021-06-29 12:31:00,114.371144048,114.375114751,114.371144048,114.375114751,1078
2021-06-29 12:30:00,114.371144048,114.371144048,114.370151372,114.370151372,1146
2021-06-29 12:29:00,114.373923541,114.374618414,114.366180669,114.366180669,717
2021-06-29 12:27:00,114.372335259,114.375809625,114.366180669,114.371144048,6165
2021-06-29 12:26:00,114.360125347,114.366180669,114.360125347,114.366180669,10360
2021-06-29 12:25:00,114.366180669,114.366180669,114.366180669,114.366180669,862
2021-06-29 12:24:00,114.366180669,114.366180669,114.364393853,114.366180669,5206
2021-06-29 12:23:00,114.366180669,114.366180669,114.36121729,114.366180669,3428
2021-06-29 12:22:00,114.366180669,114.366180669,114.356253911,114.366180669,11788
2021-06-29 12:21:00,114.356253911,114.36121729,114.356253911,114.36121729,4261
2021-06-29 12:20:00,114.352481743,114.356253911,114.34642642,114.351290532,1757
2021-06-29 12:19:00,114.351290532,114.351290532,114.349900786,114.351290532,1794
2021-06-29 12:18:00,114.34642642,114.351290532,114.346327153,114.347816167,2749
2021-06-29 12:17:00,114.356253911,114.356253911,114.351290532,114.351290532,8632
2021-06-29 12:16:00,114.351290532,114.356154643,114.34642642,114.34642642,1531
2021-06-29 12:15:00,114.351290532,114.356253911,114.346327153,114.346327153,2266
2021-06-29 12:14:00,114.346327153,114.351290532,114.346327153,114.346327153,2822
2021-06-29 12:13:00,114.351290532,114.356253911,114.347816167,114.354268559,2498
2021-06-29 12:12:00,114.351290532,114.351290532,114.351191264,114.351191264,437
2021-06-29 12:11:00,114.356253911,114.356253911,114.348411772,114.348411772,1024
2021-06-29 12:10:00,114.348312504,114.356253911,114.348312504,114.356253911,1588
2021-06-29 12:09:00,114.356154643,114.356253911,114.351290532,114.352779546,1396
2021-06-29 12:08:00,114.346327153,114.35466563,114.346327153,114.351290532,3874
2021-06-29 12:07:00,114.346327153,114.346327153,114.338584281,114.341363774,1390
2021-06-29 12:06:00,114.346327153,114.346327153,114.341363774,114.341363774,1449
2021-06-29 12:05:00,114.336400395,114.341363774,114.336400395,114.341363774,686
2021-06-29 12:04:00,114.346327153,114.346327153,114.342554985,114.342554985,325246
2021-06-29 12:03:00,114.356253911,114.356253911,114.336499662,114.336499662,2644
2021-06-29 12:02:00,114.365187993,114.366180669,114.355360503,114.355360503,3707
2021-06-29 12:01:00,114.361118022,114.366180669,114.357742925,114.366081402,1756
2021-06-29 12:00:00,114.36121729,114.36121729,114.36121729,114.36121729,271
2021-06-29 11:59:00,114.356253911,114.364592388,114.356253911,114.357742925,3405
2021-06-29 11:58:00,114.356253911,114.366180669,114.356253911,114.366180669,3759
2021-06-29 11:57:00,114.365187993,114.365187993,114.36121729,114.36121729,1337
2021-06-29 11:56:00,114.35794146,114.366180669,114.35794146,114.36121729,25510
2021-06-29 11:55:00,114.36121729,114.366180669,114.36121729,114.366081402,5388
2021-06-29 11:54:00,114.36121729,114.366180669,114.356750249,114.356750249,5424
2021-06-29 11:53:00,114.366180669,114.366180669,114.356353179,114.358040727,3246
2021-06-29 11:52:00,114.356253911,114.371144048,114.356253911,114.366180669,8704
2021-06-29 11:51:00,114.371144048,114.371144048,114.358437798,114.36121729,17935
2021-06-29 11:50:00,114.356253911,114.371144048,114.356253911,114.366180669,11086
2021-06-29 11:49:00,114.356253911,114.356253911,114.351489067,114.356253911,2512
2021-06-29 11:48:00,114.36121729,114.366180669,114.36121729,114.366180669,1082
2021-06-29 11:47:00,114.356253911,114.357742925,114.356253911,114.357742925,4818
2021-06-29 11:46:00,114.355856841,114.356253911,114.351290532,114.351290532,17069
2021-06-29 11:45:00,114.341363774,114.346327153,114.341363774,114.346327153,2522
2021-06-29 11:44:00,114.346327153,114.346327153,114.336400395,114.341363774,20951
2021-06-29 11:43:00,114.336400395,114.34235645,114.332826762,114.336499662,9117
2021-06-29 11:42:00,114.336400395,114.344143266,114.332032621,114.332032621,5775
2021-06-29 11:41:00,114.341363774,114.341363774,114.336400395,114.341363774,1184
2021-06-29 11:40:00,114.338584281,114.346327153,114.336400395,114.342157914,2564
2021-06-29 11:39:00,114.338485014,114.343349125,114.338286479,114.341363774,1893
2021-06-29 11:38:00,114.356253911,114.356253911,114.341363774,114.341363774,4040
2021-06-29 11:37:00,114.346327153,114.356253911,114.346327153,114.349900786,9930
2021-06-29 11:36:00,114.363798247,114.363798247,114.346327153,114.351290532,5892
2021-06-29 11:35:00,114.36121729,114.36121729,114.356253911,114.356253911,1804
2021-06-29 11:34:00,114.356253911,114.36121729,114.34642642,114.36121729,3192
2021-06-29 11:33:00,114.355360503,114.356253911,114.351290532,114.356253911,813
2021-06-29 11:32:00,114.351290532,114.356253911,114.34851104,114.356253911,1104
2021-06-29 11:31:00,114.353275884,114.356253911,114.346724223,114.356253911,9170
2021-06-29 11:30:00,114.356253911,114.356253911,114.356253911,114.356253911,1652
2021-06-29 11:29:00,114.362209966,114.363996782,114.356353179,114.36121729,3167
2021-06-29 11:28:00,114.36121729,114.36121729,114.36121729,114.36121729,289
2021-06-29 11:27:00,114.347816167,114.36121729,114.347816167,114.36121729,4711
2021-06-29 11:26:00,114.355856841,114.356253911,114.346327153,114.356253911,7926
2021-06-29 11:25:00,114.351290532,114.351290532,114.351290532,114.351290532,619
2021-06-29 11:24:00,114.346327153,114.355261235,114.346327153,114.349801518,3161
2021-06-29 11:23:00,114.351290532,114.353077348,114.351290532,114.351290532,2280
2021-06-29 11:22:00,114.36121729,114.36121729,114.351290532,114.351290532,9707
2021-06-29 11:21:00,114.351290532,114.356253911,114.351290532,114.356253911,3681
2021-06-29 11:20:00,114.347319829,114.356253911,114.347319829,114.356253911,4911
2021-06-29 11:19:00,114.351290532,114.351290532,114.351290532,114.351290532,181
2021-06-29 11:18:00,114.351290532,114.356253911,114.351290532,114.353474419,14491
2021-06-29 11:17:00,114.346327153,114.356154643,114.346327153,114.356154643,3414
2021-06-29 11:16:00,114.356253911,114.356253911,114.346327153,114.346327153,3346
2021-06-29 11:15:00,114.361415825,114.365187993,114.356253911,114.356253911,1841
2021-06-29 11:14:00,114.357742925,114.357742925,114.357742925,114.357742925,660
2021-06-29 11:13:00,114.36121729,114.36121729,114.35258101,114.356253911,5159
2021-06-29 11:12:00,114.366180669,114.366180669,114.358437798,114.366180669,2598
2021-06-29 11:11:00,114.356253911,114.366180669,114.356253911,114.366180669,15702
2021-06-29 11:10:00,114.336400395,114.346327153,114.336400395,114.346327153,2019
2021-06-29 11:09:00,114.316546878,114.336400395,114.316546878,114.336400395,3514
2021-06-29 11:08:00,114.326473637,114.331437016,114.324786088,114.324786088,9900
2021-06-29 11:07:00,114.316546878,114.316546878,114.316546878,114.316546878,518
2021-06-29 11:06:00,114.331437016,114.334812113,114.316546878,114.321510257,3898
2021-06-29 11:05:00,114.321510257,114.335407719,114.321510257,114.335407719,2626
2021-06-29 11:04:00,114.321510257,114.326374369,114.318730765,114.318730765,1334
2021-06-29 11:03:00,114.316546878,114.326473637,114.316546878,114.326473637,24163
2021-06-29 11:02:00,114.316546878,114.316546878,114.311583499,114.316546878,6648
2021-06-29 11:01:00,114.316546878,114.316546878,114.311583499,114.311583499,848
2021-06-29 11:00:00,114.304833304,114.30662012,114.298182376,114.30662012,3413
2021-06-29 10:59:00,114.30662012,114.30662012,114.301656741,114.301656741,1659
2021-06-29 10:58:00,114.305627444,114.305627444,114.305627444,114.305627444,291
2021-06-29 10:57:00,114.30662012,114.30662012,114.306024515,114.306024515,722
2021-06-29 10:56:00,114.30662012,114.30662012,114.298182376,114.298182376,2522
2021-06-29 10:55:00,114.301656741,114.301656741,114.301656741,114.301656741,328
2021-06-29 10:54:00,114.298678714,114.298678714,114.298678714,114.298678714,464
2021-06-29 10:53:00,114.301656741,114.305627444,114.301656741,114.301656741,2356
2021-06-29 10:52:00,114.298182376,114.305131107,114.298182376,114.301656741,4906
2021-06-29 10:51:00,114.296693362,114.301656741,114.296693362,114.301656741,2027
2021-06-29 10:50:00,114.30662012,114.30662012,114.298182376,114.298182376,1796
2021-06-29 10:49:00,114.306520853,114.30662012,114.298877249,114.306024515,3137
2021-06-29 10:48:00,114.30662012,114.30662012,114.30662012,114.30662012,1070
2021-06-29 10:47:00,114.299472854,114.30662012,114.299472854,114.30662012,2032
2021-06-29 10:46:00,114.301656741,114.30662012,114.298182376,114.303642093,8618
2021-06-29 10:45:00,114.30662012,114.30662012,114.29758677,114.306024515,1396
2021-06-29 10:44:00,114.30662012,114.313965921,114.306520853,114.30662012,4843
2021-06-29 10:43:00,114.30662012,114.30662012,114.29679263,114.30662012,2081
2021-06-29 10:42:00,114.30662012,114.311583499,114.30662012,114.30662012,2826
2021-06-29 10:41:00,114.30662012,114.311583499,114.30662012,114.311583499,1612
2021-06-29 10:40:00,114.316546878,114.316546878,114.298877249,114.298877249,4352
2021-06-29 10:39:00,114.316546878,114.326473637,114.316546878,114.317539554,5339
2021-06-29 10:38:00,114.326473637,114.331437016,114.308109134,114.316546878,2754
2021-06-29 10:37:00,114.32796265,114.331437016,114.32796265,114.331437016,1009
2021-06-29 10:36:00,114.341363774,114.346227885,114.336400395,114.336400395,3225
2021-06-29 10:35:00,114.336400395,114.341363774,114.326473637,114.341363774,11898
2021-06-29 10:34:00,114.335705522,114.336400395,114.328260453,114.336400395,3650
2021-06-29 10:33:00,114.321510257,114.336400395,114.321510257,114.336301127,5772
2021-06-29 10:32:00,114.319524906,114.326473637,114.316546878,114.321510257,2246
2021-06-29 10:31:00,114.336400395,114.336400395,114.316546878,114.316546878,22492
2021-06-29 10:30:00,114.331437016,114.336400395,114.326473637,114.336400395,1173
2021-06-29 10:29:00,114.326473637,114.336400395,114.321510257,114.331437016,4470
2021-06-29 10:28:00,114.321510257,114.326473637,114.321510257,114.326275101,5666
2021-06-29 10:27:00,114.326473637,114.326473637,114.316546878,114.316546878,2481
2021-06-29 10:26:00,114.331437016,114.336400395,114.326473637,114.326473637,3091
2021-06-29 10:25:00,114.328061918,114.336400395,114.327466312,114.336400395,6964
2021-06-29 10:24:00,114.328657523,114.336400395,114.326473637,114.331437016,44565
2021-06-29 10:23:00,114.336400395,114.336400395,114.326473637,114.336301127,3770
2021-06-29 10:22:00,114.341363774,114.341363774,114.341363774,114.341363774,348
2021-06-29 10:21:00,114.346327153,114.351290532,114.344341801,114.344341801,7056
2021-06-29 10:20:00,114.351290532,114.356253911,114.346327153,114.346327153,3563
2021-06-29 10:19:00,114.34890811,114.356154643,114.346327153,114.351290532,100729
2021-06-29 10:18:00,114.346327153,114.356055376,114.346327153,114.356055376,2597
2021-06-29 10:17:00,114.346327153,114.346327153,114.343051323,114.346327153,5185
2021-06-29 10:16:00,114.336400395,114.341363774,114.336400395,114.336400395,2034
2021-06-29 10:15:00,114.328657523,114.336400395,114.326473637,114.326473637,1451
2021-06-29 10:14:00,114.336400395,114.336400395,114.336400395,114.336400395,954
2021-06-29 10:13:00,114.326473637,114.331437016,114.316844681,114.331437016,7840
2021-06-29 10:12:00,114.325480961,114.326473637,114.32428975,114.32428975,2210
2021-06-29 10:11:00,114.324786088,114.324786088,114.318333695,114.321510257,1639
2021-06-29 10:10:00,114.30662012,114.321510257,114.30662012,114.321510257,3615
2021-06-29 10:09:00,114.30662012,114.311583499,114.30662012,114.311583499,1687
2021-06-29 10:08:00,114.299770657,114.316546878,114.299770657,114.314462259,1355
2021-06-29 10:07:00,114.30662012,114.30662012,114.301656741,114.301656741,1095
2021-06-29 10:06:00,114.296693362,114.30662012,114.291729983,114.296693362,3922
2021-06-29 10:05:00,114.296693362,114.29679263,114.296693362,114.296693362,6486
2021-06-29 10:04:00,114.30662012,114.30662012,114.295502151,114.296693362,16846
2021-06-29 10:03:00,114.291729983,114.301656741,114.286766604,114.301656741,12382
2021-06-29 10:02:00,114.281803225,114.286766604,114.276839846,114.286766604,17411
2021-06-29 10:01:00,114.286766604,114.286766604,114.266913088,114.277137649,32095
2021-06-29 10:00:00,114.296594095,114.296693362,114.291729983,114.296693362,2112
2021-06-29 09:59:00,114.286766604,114.291729983,114.286766604,114.291729983,16068
2021-06-29 09:58:00,114.29679263,114.29679263,114.286766604,114.291729983,5801
2021-06-29 09:57:00,114.296693362,114.30662012,114.296693362,114.296693362,25531
2021-06-29 09:56:00,114.298182376,114.30662012,114.296693362,114.30662012,2257
2021-06-29 09:55:00,114.306520853,114.306520853,114.296693362,114.296693362,8491
2021-06-29 09:54:00,114.30662012,114.30662012,114.296693362,114.296693362,1240
2021-06-29 09:53:00,114.301656741,114.314362992,114.29967139,114.314362992,2051
2021-06-29 09:52:00,114.286766604,114.301656741,114.286766604,114.301656741,2235
2021-06-29 09:51:00,114.304436233,114.304436233,114.286766604,114.286766604,16628
2021-06-29 09:50:00,114.291729983,114.301656741,114.291729983,114.301656741,1077
2021-06-29 09:49:00,114.300961868,114.306322317,114.291729983,114.291729983,10269
2021-06-29 09:48:00,114.298877249,114.30662012,114.29679263,114.306520853,1302
2021-06-29 09:47:00,114.296693362,114.296693362,114.296693362,114.296693362,2054
2021-06-29 09:46:00,114.288851223,114.291729983,114.286766604,114.288652688,1168
2021-06-29 09:45:00,114.296693362,114.304436233,114.291729983,114.291729983,7369
2021-06-29 09:44:00,114.281803225,114.296693362,114.281803225,114.296693362,2008
2021-06-29 09:43:00,114.276839846,114.286766604,114.276839846,114.276839846,1832
2021-06-29 09:42:00,114.276839846,114.276839846,114.269891115,114.276839846,1438
2021-06-29 09:41:00,114.271876467,114.276839846,114.266913088,114.276740578,4339
2021-06-29 09:40:00,114.256986329,114.266913088,114.247059571,114.266913088,23285
2021-06-29 09:39:00,114.25202295,114.266913088,114.25202295,114.266913088,13895
2021-06-29 09:38:00,114.25202295,114.25202295,114.25202295,114.25202295,468
2021-06-29 09:37:00,114.266913088,114.266913088,114.25202295,114.25202295,12583
2021-06-29 09:36:00,114.276839846,114.276839846,114.266913088,114.276839846,24969
2021-06-29 09:35:00,114.266913088,114.271876467,114.261949709,114.271876467,5994
2021-06-29 09:34:00,114.25410757,114.266913088,114.251129542,114.265126271,2922
2021-06-29 09:33:00,114.217279297,114.25202295,114.20238916,114.247158839,84438
2021-06-29 09:32:00,114.227206055,114.227206055,114.217279297,114.222242676,4358
2021-06-29 09:31:00,114.217279297,114.227206055,114.207352539,114.217279297,111258
2021-06-28 16:01:00,114.346327153,114.346327153,114.346327153,114.346327153,2016
2021-06-28 16:00:00,114.346327153,114.346327153,114.316546878,114.316546878,147663
2021-06-28 15:59:00,114.346327153,114.346327153,114.342257182,114.346327153,3784
2021-06-28 15:58:00,114.346327153,114.346327153,114.336400395,114.346327153,8109
2021-06-28 15:57:00,114.346327153,114.351290532,114.336400395,114.336400395,10177
2021-06-28 15:56:00,114.348709575,114.356253911,114.346327153,114.351290532,8848
2021-06-28 15:55:00,114.351290532,114.356253911,114.346327153,114.346327153,51099
2021-06-28 15:54:00,114.336400395,114.355261235,114.336400395,114.355261235,4835
2021-06-28 15:53:00,114.328359721,114.346327153,114.328359721,114.346327153,7773
2021-06-28 15:52:00,114.336400395,114.336400395,114.326473637,114.336400395,2778
2021-06-28 15:51:00,114.321510257,114.331437016,114.316546878,114.331437016,48631
2021-06-28 15:50:00,114.321510257,114.326473637,114.319524906,114.321510257,61356
2021-06-28 15:49:00,114.321510257,114.321510257,114.318730765,114.321510257,1572
2021-06-28 15:48:00,114.318234427,114.326076566,114.316546878,114.324984623,2506
2021-06-28 15:47:00,114.318432962,114.325480961,114.316646146,114.316646146,4046
2021-06-28 15:46:00,114.323892679,114.326473637,114.318035892,114.321510257,57039
2021-06-28 15:45:00,114.321510257,114.326473637,114.316546878,114.319524906,124355
2021-06-28 15:44:00,114.301656741,114.326374369,114.301656741,114.321510257,72201
2021-06-28 15:43:00,114.30662012,114.30662012,114.298281643,114.300664065,5888
2021-06-28 15:42:00,114.30582598,114.30662012,114.298480179,114.301656741,2180
2021-06-28 15:41:00,114.316546878,114.316546878,114.298877249,114.30662012,19255
2021-06-28 15:40:00,114.311583499,114.315057865,114.30662012,114.311583499,2956
2021-06-28 15:39:00,114.315057865,114.316447611,114.311583499,114.311583499,3653
2021-06-28 15:38:00,114.308804007,114.316447611,114.308704739,114.314362992,917
2021-06-28 15:37:00,114.316447611,114.316447611,114.316447611,114.316447611,525
2021-06-28 15:36:00,114.30662012,114.316546878,114.30662012,114.311186429,2075
2021-06-28 15:35:00,114.316447611,114.316447611,114.30662012,114.30662012,5197
2021-06-28 15:34:00,114.315057865,114.315057865,114.306719388,114.309201077,3247
2021-06-28 15:33:00,114.316447611,114.316447611,114.311583499,114.31605054,1222
2021-06-28 15:32:00,114.316546878,114.316546878,114.311583499,114.311583499,1127
2021-06-28 15:31:00,114.311583499,114.316546878,114.308704739,114.308704739,3797
2021-06-28 15:30:00,114.315554203,114.316149808,114.311583499,114.314362992,2832
2021-06-28 15:29:00,114.311583499,114.316546878,114.30662012,114.316546878,2687
2021-06-28 15:28:00,114.311583499,114.312576175,114.311583499,114.312576175,2874
2021-06-28 15:27:00,114.311583499,114.311583499,114.311583499,114.311583499,947
2021-06-28 15:26:00,114.316546878,114.324984623,114.311583499,114.314065189,9350
2021-06-28 15:25:00,114.321510257,114.326473637,114.316646146,114.321510257,13145
2021-06-28 15:24:00,114.326374369,114.326374369,114.316546878,114.321510257,3790
2021-06-28 15:23:00,114.318035892,114.318035892,114.318035892,114.318035892,983
2021-06-28 15:22:00,114.316546878,114.326374369,114.316546878,114.321510257,4958
2021-06-28 15:21:00,114.316546878,114.326473637,114.316546878,114.321510257,3345
2021-06-28 15:20:00,114.316546878,114.321510257,114.316546878,114.321510257,1052
2021-06-28 15:19:00,114.321510257,114.326473637,114.316546878,114.316546878,1742
2021-06-28 15:18:00,114.318035892,114.318035892,114.318035892,114.318035892,439
2021-06-28 15:17:00,114.321510257,114.323694144,114.316646146,114.321510257,5358
2021-06-28 15:16:00,114.321510257,114.321510257,114.318035892,114.318035892,2262
2021-06-28 15:15:00,114.321510257,114.326374369,114.321510257,114.321510257,4277
2021-06-28 15:14:00,114.321510257,114.321510257,114.321510257,114.321510257,716
2021-06-28 15:13:00,114.316546878,114.324786088,114.316546878,114.319524906,2525
2021-06-28 15:12:00,114.316546878,114.316546878,114.316546878,114.316546878,342
2021-06-28 15:11:00,114.326473637,114.326473637,114.316546878,114.326473637,8623
2021-06-28 15:10:00,114.322701468,114.326473637,114.320021244,114.326374369,3485
2021-06-28 15:09:00,114.32428975,114.32428975,114.316646146,114.316646146,2161
2021-06-28 15:08:00,114.321510257,114.326473637,114.316546878,114.318035892,13970
2021-06-28 15:07:00,114.316546878,114.323495609,114.316546878,114.321510257,5738
2021-06-28 15:06:00,114.316546878,114.321510257,114.316546878,114.321510257,860
2021-06-28 15:05:00,114.326473637,114.326473637,114.318035892,114.326473637,3972
2021-06-28 15:04:00,114.326473637,114.326473637,114.318631498,114.326473637,13588
2021-06-28 15:03:00,114.326473637,114.326473637,114.321510257,114.326473637,2399
2021-06-28 15:02:00,114.32428975,114.326473637,114.321510257,114.326473637,5042
2021-06-28 15:01:00,114.326473637,114.326473637,114.318035892,114.319921976,6126
2021-06-28 15:00:00,114.326473637,114.336400395,114.316546878,114.326473637,32206
2021-06-28 14:59:00,114.329749467,114.331437016,114.328458988,114.331437016,2229
2021-06-28 14:58:00,114.331437016,114.336400395,114.331437016,114.336400395,24718
2021-06-28 14:57:00,114.331437016,114.334415043,114.326572904,114.331437016,3903
2021-06-28 14:56:00,114.331437016,114.336400395,114.33084141,114.336400395,4677
2021-06-28 14:55:00,114.331437016,114.336400395,114.331437016,114.336400395,4612
2021-06-28 14:54:00,114.331437016,114.334415043,114.331437016,114.334415043,1496
2021-06-28 14:53:00,114.331437016,114.331437016,114.331437016,114.331437016,2360
2021-06-28 14:52:00,114.331437016,114.336400395,114.328359721,114.331437016,1992
2021-06-28 14:51:00,114.331437016,114.336400395,114.32796265,114.336400395,1195
2021-06-28 14:50:00,114.334315775,114.336400395,114.326473637,114.326473637,11919
2021-06-28 14:49:00,114.331437016,114.334712846,114.330345072,114.332330424,4955
2021-06-28 14:48:00,114.319524906,114.326473637,114.319524906,114.326473637,3077
2021-06-28 14:47:00,114.326473637,114.326473637,114.319822709,114.319822709,1162
2021-06-28 14:46:00,114.324885355,114.326473637,114.318432962,114.326473637,3915
2021-06-28 14:45:00,114.321510257,114.326473637,114.321510257,114.326473637,3143
2021-06-28 14:44:00,114.32428975,114.326473637,114.32428975,114.326473637,477
2021-06-28 14:43:00,114.319524906,114.321510257,114.316546878,114.316546878,1707
2021-06-28 14:42:00,114.321510257,114.326374369,114.321510257,114.321510257,1230
2021-06-28 14:41:00,114.326473637,114.326473637,114.317539554,114.326473637,1471
2021-06-28 14:40:00,114.326473637,114.326473637,114.326473637,114.326473637,576
2021-06-28 14:39:00,114.326473637,114.326473637,114.325480961,114.326473637,1196
2021-06-28 14:38:00,114.321510257,114.321510257,114.321510257,114.321510257,1709
2021-06-28 14:37:00,114.326374369,114.326473637,114.321510257,114.325977299,3219
2021-06-28 14:36:00,114.321510257,114.326473637,114.321510257,114.325480961,2632
2021-06-28 14:35:00,114.326473637,114.326473637,114.326473637,114.326473637,1325
2021-06-28 14:34:00,114.326473637,114.326473637,114.326473637,114.326473637,1143
2021-06-28 14:33:00,114.318730765,114.326374369,114.31813516,114.325480961,5770
2021-06-28 14:32:00,114.324488285,114.326473637,114.321510257,114.321510257,793
2021-06-28 14:31:00,114.318035892,114.325480961,114.316546878,114.316546878,1792
2021-06-28 14:30:00,114.321510257,114.326473637,114.319921976,114.319921976,2521
2021-06-28 14:29:00,114.316546878,114.326473637,114.316546878,114.326473637,54821
2021-06-28 14:28:00,114.316546878,114.322602201,114.316546878,114.321510257,75077
2021-06-28 14:27:00,114.321510257,114.326473637,114.316546878,114.324984623,1798
2021-06-28 14:26:00,114.321510257,114.321510257,114.316546878,114.318035892,5454
2021-06-28 14:25:00,114.317440287,114.326175834,114.317440287,114.326175834,481
2021-06-28 14:24:00,114.316546878,114.316546878,114.316546878,114.316546878,100
2021-06-28 14:23:00,114.320418314,114.324984623,114.320418314,114.324984623,2380
2021-06-28 14:22:00,114.331437016,114.336301127,114.326473637,114.326473637,34772
2021-06-28 14:21:00,114.331437016,114.331437016,114.331437016,114.331437016,2704
2021-06-28 14:20:00,114.336400395,114.336400395,114.331437016,114.331437016,644
2021-06-28 14:19:00,114.318730765,114.326473637,114.318730765,114.326473637,3755
2021-06-28 14:18:00,114.321510257,114.324190482,114.317539554,114.32180806,1939
2021-06-28 14:17:00,114.326473637,114.326473637,114.319028568,114.319028568,2602
2021-06-28 14:16:00,114.316745414,114.324984623,114.316745414,114.321510257,3280
2021-06-28 14:15:00,114.326473637,114.326473637,114.321510257,114.326473637,9276
2021-06-28 14:14:00,114.331337748,114.336400395,114.326473637,114.331437016,1389
2021-06-28 14:13:00,114.336400395,114.336400395,114.335407719,114.335407719,402
2021-06-28 14:12:00,114.326473637,114.336400395,114.326473637,114.336400395,1578
2021-06-28 14:11:00,114.331437016,114.336400395,114.331437016,114.331437016,956
2021-06-28 14:10:00,114.336400395,114.336400395,114.331437016,114.331437016,634
2021-06-28 14:09:00,114.332231156,114.336400395,114.326473637,114.336400395,33653
2021-06-28 14:08:00,114.336400395,114.336400395,114.331437016,114.331437016,1622
2021-06-28 14:07:00,114.328359721,114.336400395,114.326473637,114.336400395,3131
2021-06-28 14:06:00,114.326473637,114.334712846,114.326473637,114.329253129,3702
2021-06-28 14:05:00,114.326473637,114.331437016,114.326473637,114.331437016,2871
2021-06-28 14:04:00,114.331437016,114.3333231,114.331437016,114.3333231,3445
2021-06-28 14:03:00,114.327466312,114.336400395,114.326473637,114.332926029,30567
2021-06-28 14:02:00,114.336400395,114.336400395,114.326473637,114.335407719,9171
2021-06-28 14:01:00,114.331437016,114.336400395,114.328657523,114.336400395,2268
2021-06-28 14:00:00,114.336400395,114.336400395,114.336400395,114.336400395,1059
2021-06-28 13:59:00,114.336400395,114.336400395,114.326473637,114.336400395,2501
2021-06-28 13:58:00,114.32796265,114.336400395,114.32796265,114.336400395,5647
2021-06-28 13:57:00,114.326473637,114.326473637,114.326473637,114.326473637,4253
2021-06-28 13:56:00,114.326473637,114.326473637,114.321510257,114.326374369,971
2021-06-28 13:55:00,114.321510257,114.326473637,114.321510257,114.326473637,5586
2021-06-28 13:54:00,114.331437016,114.331437016,114.318035892,114.318035892,11030
2021-06-28 13:53:00,114.326870707,114.334911381,114.326870707,114.331437016,4849
2021-06-28 13:52:00,114.331437016,114.336301127,114.326473637,114.32796265,1479
2021-06-28 13:51:00,114.334216508,114.336400395,114.326473637,114.326473637,896
2021-06-28 13:50:00,114.346227885,114.346227885,114.331437016,114.331437016,5107
2021-06-28 13:49:00,114.347319829,114.347319829,114.339378422,114.339378422,1334
2021-06-28 13:48:00,114.34642642,114.353275884,114.346327153,114.353275884,3118
2021-06-28 13:47:00,114.354566362,114.3550627,114.351588335,114.351588335,2528
2021-06-28 13:46:00,114.351290532,114.356253911,114.34930518,114.34930518,2384
2021-06-28 13:45:00,114.353176616,114.353176616,114.346327153,114.346327153,2491
2021-06-28 13:44:00,114.346327153,114.356253911,114.336400395,114.354764897,10850
2021-06-28 13:43:00,114.341363774,114.346327153,114.341363774,114.344838139,7359
2021-06-28 13:42:00,114.346327153,114.346327153,114.341363774,114.346327153,3996
2021-06-28 13:41:00,114.341363774,114.346327153,114.338286479,114.346327153,5059
2021-06-28 13:40:00,114.341363774,114.341363774,114.341363774,114.341363774,460
2021-06-28 13:39:00,114.341363774,114.346227885,114.336797465,114.346227885,6703
2021-06-28 13:38:00,114.337889408,114.342952055,114.337889408,114.342952055,13163
2021-06-28 13:37:00,114.341363774,114.346327153,114.341363774,114.346327153,3383
2021-06-28 13:36:00,114.344838139,114.346327153,114.344838139,114.346327153,2222
2021-06-28 13:35:00,114.346327153,114.346327153,114.341363774,114.341363774,6968
2021-06-28 13:34:00,114.341363774,114.341363774,114.341363774,114.341363774,971
2021-06-28 13:33:00,114.341363774,114.346327153,114.341363774,114.346327153,1980
2021-06-28 13:31:00,114.341363774,114.341363774,114.341363774,114.341363774,623
2021-06-28 13:30:00,114.346327153,114.346327153,114.346227885,114.346227885,2946
2021-06-28 13:29:00,114.341363774,114.341363774,114.341363774,114.341363774,2946
2021-06-28 13:28:00,114.346327153,114.346327153,114.346327153,114.346327153,379
2021-06-28 13:27:00,114.341363774,114.346327153,114.337889408,114.346327153,3327
2021-06-28 13:26:00,114.338584281,114.342952055,114.336400395,114.342952055,4171
2021-06-28 13:25:00,114.336499662,114.341363774,114.336499662,114.341363774,755
2021-06-28 13:24:00,114.336400395,114.341363774,114.336400395,114.336400395,5154
2021-06-28 13:23:00,114.336400395,114.346327153,114.336400395,114.336400395,18234
2021-06-28 13:22:00,114.331437016,114.336400395,114.331437016,114.336400395,2740
2021-06-28 13:21:00,114.336400395,114.336400395,114.331437016,114.335506986,3534
2021-06-28 13:20:00,114.329451664,114.331437016,114.329451664,114.331437016,765
2021-06-28 13:19:00,114.336400395,114.336400395,114.331437016,114.335407719,3804
2021-06-28 13:18:00,114.316546878,114.336102592,114.316546878,114.331437016,10320
2021-06-28 13:17:00,114.319127836,114.326473637,114.318730765,114.318730765,3523
2021-06-28 13:16:00,114.321510257,114.326473637,114.316546878,114.316546878,10246
2021-06-28 13:15:00,114.316546878,114.321510257,114.316546878,114.321510257,1555
2021-06-28 13:14:00,114.316546878,114.326374369,114.316546878,114.324488285,2025
2021-06-28 13:13:00,114.331635551,114.331635551,114.316546878,114.321510257,8236
2021-06-28 13:12:00,114.332727494,114.336003324,114.326473637,114.326473637,7449
2021-06-28 13:11:00,114.332727494,114.336400395,114.332727494,114.336400395,2083
2021-06-28 13:10:00,114.334216508,114.336400395,114.326473637,114.327466312,3385
2021-06-28 13:09:00,114.335407719,114.336301127,114.329550932,114.333521635,1380
2021-06-28 13:08:00,114.331437016,114.334216508,114.326572904,114.334216508,5392
2021-06-28 13:07:00,114.331437016,114.334216508,114.331437016,114.331437016,2099
2021-06-28 13:06:00,114.336400395,114.336400395,114.326473637,114.331437016,4920
2021-06-28 13:05:00,114.326473637,114.336400395,114.326473637,114.331437016,44376
2021-06-28 13:04:00,114.336400395,114.336400395,114.336400395,114.336400395,277
2021-06-28 13:03:00,114.326473637,114.336400395,114.321510257,114.336400395,45444
2021-06-28 13:02:00,114.321510257,114.326473637,114.318730765,114.326473637,60353
2021-06-28 13:01:00,114.321510257,114.326473637,114.316546878,114.321510257,8215
2021-06-28 13:00:00,114.321510257,114.323991947,114.321510257,114.321510257,12317
2021-06-28 12:59:00,114.326473637,114.326473637,114.321510257,114.321510257,18980
2021-06-28 12:58:00,114.323495609,114.326473637,114.321510257,114.321510257,53099
2021-06-28 12:57:00,114.32428975,114.325480961,114.321113187,114.321510257,1308
2021-06-28 12:56:00,114.321510257,114.326473637,114.316546878,114.321510257,2899
2021-06-28 12:55:00,114.324984623,114.326473637,114.321510257,114.326473637,1459
2021-06-28 12:54:00,114.320021244,114.321510257,114.316546878,114.321510257,1643
2021-06-28 12:53:00,114.321510257,114.321510257,114.321510257,114.321510257,549
2021-06-28 12:52:00,114.321510257,114.321510257,114.321510257,114.321510257,238
2021-06-28 12:51:00,114.321510257,114.326374369,114.321510257,114.323197806,3827
2021-06-28 12:50:00,114.326374369,114.326374369,114.321510257,114.325381693,8515
2021-06-28 12:49:00,114.321510257,114.324389017,114.321510257,114.322205131,1878
2021-06-28 12:48:00,114.321510257,114.326473637,114.321510257,114.326473637,8025
2021-06-28 12:47:00,114.326473637,114.331437016,114.316546878,114.316546878,187543
2021-06-28 12:46:00,114.331437016,114.336400395,114.331039945,114.334911381,3992
2021-06-28 12:45:00,114.331437016,114.336400395,114.326473637,114.331437016,21341
2021-06-28 12:44:00,114.331437016,114.336400395,114.326473637,114.331437016,56991
2021-06-28 12:43:00,114.331437016,114.331437016,114.326473637,114.331437016,8525
2021-06-28 12:42:00,114.344143266,114.344143266,114.326473637,114.331437016,74562
2021-06-28 12:41:00,114.338584281,114.344242534,114.336400395,114.341363774,9056
2021-06-28 12:40:00,114.336400395,114.336400395,114.336400395,114.336400395,675
2021-06-28 12:39:00,114.341363774,114.341363774,114.336400395,114.336400395,23038
2021-06-28 12:38:00,114.341363774,114.346227885,114.336400395,114.336996,36397
2021-06-28 12:37:00,114.346227885,114.346227885,114.338187211,114.341363774,12254
2021-06-28 12:36:00,114.346327153,114.346327153,114.336400395,114.341363774,37588
2021-06-28 12:35:00,114.348213237,114.353275884,114.346327153,114.351290532,4067
2021-06-28 12:34:00,114.346327153,114.351290532,114.346327153,114.34642642,5056
2021-06-28 12:33:00,114.337988676,114.356253911,114.337988676,114.346327153,43433
2021-06-28 12:32:00,114.346227885,114.346227885,114.341363774,114.341363774,10082
2021-06-28 12:31:00,114.341363774,114.346327153,114.341363774,114.346327153,11680
2021-06-28 12:30:00,114.346327153,114.346327153,114.341363774,114.341363774,10502
2021-06-28 12:29:00,114.346327153,114.346327153,114.341165239,114.341363774,16912
2021-06-28 12:28:00,114.341363774,114.346327153,114.338584281,114.341363774,24779
2021-06-28 12:27:00,114.336400395,114.344838139,114.336400395,114.344838139,17961
2021-06-28 12:26:00,114.326473637,114.336400395,114.326473637,114.336400395,87053
2021-06-28 12:25:00,114.321510257,114.326374369,114.316546878,114.321510257,35203
2021-06-28 12:24:00,114.331437016,114.334315775,114.321510257,114.324389017,10747
2021-06-28 12:23:00,114.328955326,114.331437016,114.328955326,114.329550932,2029
2021-06-28 12:22:00,114.326473637,114.336400395,114.326473637,114.33084141,73485
2021-06-28 12:21:00,114.311583499,114.326473637,114.308506204,114.321510257,43495
2021-06-28 12:20:00,114.311583499,114.311583499,114.308804007,114.311583499,26202
2021-06-28 12:19:00,114.311583499,114.311583499,114.307811331,114.311583499,27198
2021-06-28 12:18:00,114.311583499,114.31485933,114.30662012,114.31485933,36584
2021-06-28 12:17:00,114.316546878,114.316546878,114.30662012,114.30662012,17464
2021-06-28 12:16:00,114.331437016,114.336400395,114.326473637,114.326473637,22832
2021-06-28 12:15:00,114.331437016,114.336400395,114.326473637,114.326473637,4163
2021-06-28 12:14:00,114.331437016,114.336400395,114.328657523,114.331437016,23874
2021-06-28 12:13:00,114.331437016,114.336301127,114.326473637,114.331437016,16743
2021-06-28 12:12:00,114.344838139,114.346327153,114.331437016,114.331437016,31969
2021-06-28 12:11:00,114.336400395,114.346327153,114.336400395,114.339179887,25881
2021-06-28 12:10:00,114.343349125,114.343349125,114.337889408,114.337889408,993
2021-06-28 12:09:00,114.346327153,114.35466563,114.336400395,114.336400395,24501
2021-06-28 12:08:00,114.356253911,114.356253911,114.346327153,114.346327153,25323
2021-06-28 12:07:00,114.365088726,114.365088726,114.356253911,114.356253911,16701
2021-06-28 12:06:00,114.366180669,114.371144048,114.356253911,114.356253911,2122
2021-06-28 12:05:00,114.376107427,114.376107427,114.367669683,114.376107427,12054
2021-06-28 12:04:00,114.371144048,114.371144048,114.367669683,114.371144048,35192
2021-06-28 12:03:00,114.373923541,114.374419878,114.366180669,114.371144048,38083
2021-06-28 12:02:00,114.376107427,114.385637115,114.371144048,114.371144048,22496
2021-06-28 12:01:00,114.369754302,114.386034185,114.369754302,114.376107427,24694
2021-06-28 12:00:00,114.366180669,114.371144048,114.36121729,114.371144048,44158
2021-06-28 11:59:00,114.366180669,114.366180669,114.356253911,114.358437798,1895
2021-06-28 11:58:00,114.36121729,114.366180669,114.361018755,114.361018755,31367
2021-06-28 11:57:00,114.34851104,114.366180669,114.34851104,114.36121729,115457
2021-06-28 11:56:00,114.341363774,114.356253911,114.337889408,114.349503715,54508
2021-06-28 11:55:00,114.345533012,114.345533012,114.345533012,114.345533012,276
2021-06-28 11:54:00,114.34563228,114.346327153,114.338187211,114.343249858,4814
2021-06-28 11:53:00,114.336400395,114.346327153,114.336400395,114.341363774,21196
2021-06-28 11:52:00,114.327466312,114.336400395,114.326572904,114.336400395,51494
2021-06-28 11:51:00,114.330940678,114.336400395,114.326473637,114.336400395,5912
2021-06-28 11:50:00,114.335308451,114.336400395,114.326473637,114.326473637,21006
2021-06-28 11:49:00,114.328558256,114.334315775,114.32796265,114.331437016,11175
2021-06-28 11:48:00,114.336400395,114.336400395,114.327466312,114.331437016,7817
2021-06-28 11:47:00,114.336102592,114.336400395,114.331437016,114.336301127,13211
2021-06-28 11:46:00,114.331437016,114.331437016,114.326473637,114.331437016,13534
2021-06-28 11:45:00,114.331437016,114.336400395,114.331437016,114.335209184,23101
2021-06-28 11:44:00,114.336400395,114.336400395,114.331337748,114.336400395,1199
2021-06-28 11:43:00,114.326473637,114.334514311,114.326473637,114.328657523,61682
2021-06-28 11:42:00,114.321510257,114.326473637,114.321510257,114.321510257,13570
2021-06-28 11:41:00,114.321510257,114.326473637,114.319822709,114.321510257,25310
2021-06-28 11:40:00,114.321510257,114.326473637,114.316844681,114.321510257,52819
2021-06-28 11:39:00,114.316546878,114.326473637,114.316546878,114.321510257,14396
2021-06-28 11:38:00,114.321510257,114.326473637,114.318035892,114.325977299,18911
2021-06-28 11:37:00,114.321510257,114.324488285,114.321510257,114.321510257,14022
2021-06-28 11:36:00,114.326473637,114.326473637,114.318035892,114.318631498,42087
2021-06-28 11:35:00,114.321510257,114.326473637,114.316546878,114.321510257,8682
2021-06-28 11:34:00,114.321510257,114.321510257,114.321510257,114.321510257,467
2021-06-28 11:33:00,114.316546878,114.325480961,114.316546878,114.325480961,506
2021-06-28 11:32:00,114.326374369,114.326473637,114.316546878,114.316546878,1769
2021-06-28 11:31:00,114.316546878,114.321510257,114.316546878,114.321510257,954
2021-06-28 11:30:00,114.311583499,114.326473637,114.311583499,114.316546878,120481
2021-06-28 11:29:00,114.311583499,114.316546878,114.307612796,114.311583499,15511
2021-06-28 11:28:00,114.311583499,114.316546878,114.311583499,114.316546878,23576
2021-06-28 11:27:00,114.311583499,114.316546878,114.311484232,114.311583499,37708
2021-06-28 11:26:00,114.311583499,114.316546878,114.308804007,114.311583499,20524
2021-06-28 11:25:00,114.30662012,114.316546878,114.30662012,114.311583499,29656
2021-06-28 11:24:00,114.30662012,114.315057865,114.30662012,114.315057865,1275
2021-06-28 11:23:00,114.30662012,114.311583499,114.30662012,114.311583499,3458
2021-06-28 11:22:00,114.316546878,114.32428975,114.30662012,114.311583499,64579
2021-06-28 11:21:00,114.321510257,114.32428975,114.316546878,114.316546878,8068
2021-06-28 11:20:00,114.326473637,114.326473637,114.316546878,114.316646146,8087
2021-06-28 11:19:00,114.336400395,114.336400395,114.326473637,114.331437016,1560
2021-06-28 11:18:00,114.326473637,114.331437016,114.326473637,114.330245805,944
2021-06-28 11:17:00,114.334216508,114.334315775,114.326473637,114.331437016,2457
2021-06-28 11:16:00,114.331437016,114.336400395,114.326473637,114.326473637,6773
2021-06-28 11:15:00,114.321510257,114.336400395,114.316546878,114.328955326,112824
2021-06-28 11:14:00,114.335705522,114.335705522,114.321510257,114.321510257,41054
2021-06-28 11:13:00,114.331437016,114.331437016,114.326473637,114.326473637,5765
2021-06-28 11:12:00,114.336400395,114.336400395,114.331437016,114.331437016,35081
2021-06-28 11:11:00,114.331437016,114.331437016,114.327863383,114.327863383,607
2021-06-28 11:10:00,114.326473637,114.331437016,114.326473637,114.329253129,15085
2021-06-28 11:09:00,114.331437016,114.336400395,114.326473637,114.326473637,23186
2021-06-28 11:08:00,114.326473637,114.331437016,114.316546878,114.331437016,35878
2021-06-28 11:07:00,114.321510257,114.326473637,114.318035892,114.321510257,1838
2021-06-28 11:06:00,114.321510257,114.321510257,114.321510257,114.321510257,1376
2021-06-28 11:05:00,114.306719388,114.324984623,114.306719388,114.324389017,5911
2021-06-28 11:04:00,114.313271048,114.31485933,114.311583499,114.311583499,2038
2021-06-28 11:03:00,114.311583499,114.311583499,114.308208402,114.311583499,3891
2021-06-28 11:02:00,114.316149808,114.316546878,114.307314993,114.311583499,9072
2021-06-28 11:01:00,114.30662012,114.316546878,114.298480179,114.316546878,4973
2021-06-28 11:00:00,114.30662012,114.30662012,114.301656741,114.301656741,8944
2021-06-28 10:59:00,114.311583499,114.311583499,114.301656741,114.301656741,14236
2021-06-28 10:58:00,114.30662012,114.30662012,114.30662012,114.30662012,577
2021-06-28 10:57:00,114.32468682,114.32468682,114.30662012,114.30662012,6536
2021-06-28 10:56:00,114.318333695,114.324885355,114.318333695,114.324885355,5931
2021-06-28 10:55:00,114.316546878,114.326473637,114.316546878,114.326473637,4220
2021-06-28 10:54:00,114.324786088,114.324786088,114.317241751,114.321510257,2663
2021-06-28 10:53:00,114.316546878,114.321510257,114.311583499,114.318234427,4088
2021-06-28 10:52:00,114.30662012,114.30662012,114.298480179,114.30662012,24263
2021-06-28 10:51:00,114.301656741,114.30662012,114.297090432,114.306520853,36489
2021-06-28 10:50:00,114.30662012,114.30662012,114.298182376,114.30662012,31430
2021-06-28 10:49:00,114.311583499,114.316546878,114.307116458,114.316149808,8528
2021-06-28 10:48:00,114.321510257,114.321510257,114.311583499,114.311583499,4562
2021-06-28 10:47:00,114.326473637,114.326473637,114.321510257,114.32428975,744
2021-06-28 10:46:00,114.316546878,114.319227103,114.316546878,114.319227103,1172
2021-06-28 10:45:00,114.311583499,114.315554203,114.311583499,114.315554203,3987
2021-06-28 10:44:00,114.316546878,114.316546878,114.308109134,114.314362992,901
2021-06-28 10:43:00,114.316546878,114.316546878,114.316546878,114.316546878,5968
2021-06-28 10:42:00,114.316546878,114.326473637,114.316546878,114.32428975,10755
2021-06-28 10:41:00,114.299770657,114.316546878,114.299770657,114.311583499,4255
2021-06-28 10:40:00,114.305627444,114.30662012,114.301656741,114.301656741,1558
2021-06-28 10:39:00,114.30662012,114.310491556,114.298877249,114.298877249,13259
2021-06-28 10:38:00,114.296693362,114.30662012,114.296693362,114.30662012,2002
2021-06-28 10:37:00,114.296693362,114.30662012,114.288255618,114.306123782,9792
2021-06-28 10:36:00,114.296693362,114.296693362,114.286766604,114.296693362,1907
2021-06-28 10:35:00,114.286766604,114.296693362,114.286766604,114.296693362,1126
2021-06-28 10:34:00,114.298182376,114.301656741,114.286766604,114.286766604,15104
2021-06-28 10:33:00,114.288255618,114.301656741,114.288255618,114.301557474,17367
2021-06-28 10:32:00,114.286766604,114.291729983,114.286766604,114.288751956,3914
2021-06-28 10:31:00,114.291729983,114.296693362,114.286766604,114.291729983,15273
2021-06-28 10:30:00,114.291729983,114.296693362,114.291729983,114.296693362,2800
2021-06-28 10:29:00,114.296693362,114.296693362,114.286766604,114.286766604,3348
2021-06-28 10:28:00,114.286766604,114.296693362,114.286766604,114.288950491,17390
2021-06-28 10:27:00,114.281803225,114.286766604,114.281803225,114.281803225,30737
2021-06-28 10:26:00,114.286766604,114.286766604,114.276839846,114.277236916,33591
2021-06-28 10:25:00,114.286766604,114.291729983,114.278130324,114.286766604,6012
2021-06-28 10:24:00,114.291729983,114.291729983,114.286766604,114.286766604,480
2021-06-28 10:23:00,114.291729983,114.291729983,114.286766604,114.291729983,696
2021-06-28 10:22:00,114.301656741,114.30662012,114.291729983,114.291729983,6398
2021-06-28 10:21:00,114.298182376,114.298182376,114.298182376,114.298182376,410
2021-06-28 10:20:00,114.296693362,114.306024515,114.296693362,114.306024515,12399
2021-06-28 10:19:00,114.296693362,114.296693362,114.291729983,114.296693362,14646
2021-06-28 10:18:00,114.294807278,114.295204348,114.290737307,114.290737307,802
2021-06-28 10:17:00,114.286766604,114.296693362,114.286766604,114.290340237,44086
2021-06-28 10:16:00,114.286766604,114.286766604,114.281803225,114.281803225,6222
2021-06-28 10:15:00,114.291729983,114.296693362,114.291729983,114.291729983,4074
2021-06-28 10:14:00,114.295204348,114.296693362,114.286766604,114.296693362,3325
2021-06-28 10:13:00,114.291729983,114.296693362,114.286766604,114.296693362,10994
2021-06-28 10:12:00,114.291729983,114.291729983,114.286766604,114.286766604,13891
2021-06-28 10:11:00,114.291729983,114.296693362,114.291729983,114.296693362,62745
2021-06-28 10:10:00,114.296693362,114.296693362,114.291729983,114.296594095,3627
2021-06-28 10:09:00,114.291729983,114.299472854,114.286766604,114.299472854,41052
2021-06-28 10:08:00,114.286766604,114.291729983,114.286766604,114.291729983,1874
2021-06-28 10:07:00,114.276839846,114.286766604,114.276839846,114.277832522,2978
2021-06-28 10:06:00,114.281803225,114.285178323,114.276839846,114.276839846,16994
2021-06-28 10:05:00,114.278428127,114.286766604,114.276839846,114.281803225,10250
2021-06-28 10:04:00,114.276839846,114.286766604,114.276839846,114.286766604,11459
2021-06-28 10:03:00,114.266913088,114.276740578,114.266913088,114.276740578,7105
2021-06-28 10:02:00,114.266913088,114.271876467,114.266913088,114.271876467,21388
2021-06-28 10:01:00,114.266913088,114.266913088,114.256986329,114.256986329,55529
2021-06-28 10:00:00,114.261949709,114.266913088,114.256986329,114.266913088,19943
2021-06-28 09:59:00,114.261949709,114.266118947,114.261949709,114.261949709,4727
2021-06-28 09:58:00,114.256986329,114.256986329,114.248548585,114.256986329,16259
2021-06-28 09:57:00,114.25202295,114.256986329,114.248647853,114.248647853,7553
2021-06-28 09:56:00,114.256986329,114.256986329,114.247059571,114.25202295,6147
2021-06-28 09:55:00,114.261949709,114.261949709,114.256986329,114.261949709,49479
2021-06-28 09:54:00,114.256986329,114.266913088,114.256986329,114.261949709,5688
2021-06-28 09:53:00,114.256986329,114.256986329,114.250732472,114.256986329,1726
2021-06-28 09:52:00,114.256986329,114.261949709,114.25202295,114.25202295,12113
2021-06-28 09:51:00,114.256986329,114.262644582,114.256986329,114.262644582,1132
2021-06-28 09:50:00,114.25202295,114.261949709,114.248052247,114.261949709,13450
2021-06-28 09:49:00,114.237132813,114.247059571,114.237132813,114.247059571,2717
2021-06-28 09:48:00,114.228397266,114.232169434,114.220952197,114.232169434,12398
2021-06-28 09:47:00,114.242096192,114.24547129,114.237132813,114.245272755,5692
2021-06-28 09:46:00,114.256986329,114.266913088,114.242096192,114.242096192,30996
2021-06-28 09:45:00,114.256986329,114.256986329,114.255000978,114.256986329,580
2021-06-28 09:44:00,114.242096192,114.256986329,114.237132813,114.256986329,8324
2021-06-28 09:43:00,114.25202295,114.25202295,114.238125489,114.242096192,17760
2021-06-28 09:42:00,114.256986329,114.256986329,114.25202295,114.25202295,5756
2021-06-28 09:41:00,114.266913088,114.266913088,114.256986329,114.256986329,4168
2021-06-28 09:40:00,114.256986329,114.266913088,114.256986329,114.261949709,2510
2021-06-28 09:39:00,114.256986329,114.256986329,114.25202295,114.256986329,9980
2021-06-28 09:38:00,114.25202295,114.266913088,114.25202295,114.256986329,5564
2021-06-28 09:37:00,114.237132813,114.256986329,114.237132813,114.25202295,28439
2021-06-28 09:36:00,114.223830957,114.237132813,114.219463184,114.229489209,84526
2021-06-28 09:35:00,114.219959522,114.234849659,114.219959522,114.222242676,13246
2021-06-28 09:34:00,114.217279297,114.227206055,114.217279297,114.227206055,5751
2021-06-28 09:33:00,114.207352539,114.217279297,114.198914794,114.217279297,6235
2021-06-28 09:32:00,114.207352539,114.207352539,114.197425781,114.207352539,6640
2021-06-28 09:31:00,114.197425781,114.217279297,114.197425781,114.20238916,132901
2021-06-28 09:23:00,114.137865232,114.157718748,114.137865232,114.157718748,377
2021-06-28 08:01:00,113.472772435,113.472772435,113.472772435,113.472772435,1105
2021-06-25 16:02:00,114.018744134,114.018744134,114.018744134,114.018744134,1914691
2021-06-25 16:00:00,114.028670892,114.058451166,114.028670892,114.048524408,172318
2021-06-25 15:59:00,114.033634271,114.03859765,114.028670892,114.033634271,57809
2021-06-25 15:58:00,114.023707513,114.03859765,114.023707513,114.033634271,58115
2021-06-25 15:57:00,114.023707513,114.028670892,114.018744134,114.023707513,71756
2021-06-25 15:56:00,114.023707513,114.028670892,114.018744134,114.018744134,40237
2021-06-25 15:55:00,114.022417034,114.023707513,114.018744134,114.023707513,16966
2021-06-25 15:54:00,114.023707513,114.023707513,114.018744134,114.023707513,14725
2021-06-25 15:53:00,114.028571624,114.028571624,113.988963859,114.023707513,106886
2021-06-25 15:52:00,114.023707513,114.028670892,114.023707513,114.023707513,6740
2021-06-25 15:51:00,114.020729485,114.028670892,114.019439007,114.028670892,31959
2021-06-25 15:50:00,114.018744134,114.024402386,114.018744134,114.023707513,22117
2021-06-25 15:49:00,114.018744134,114.028670892,114.018744134,114.023707513,14142
2021-06-25 15:48:00,114.018744134,114.026784808,114.018744134,114.018744134,12691
2021-06-25 15:47:00,114.018744134,114.023707513,114.018744134,114.018744134,32630
2021-06-25 15:46:00,114.021225823,114.028670892,114.018744134,114.018744134,18076
2021-06-25 15:45:00,114.023707513,114.028670892,114.018744134,114.028670892,14240
2021-06-25 15:44:00,114.023707513,114.023707513,114.018744134,114.023707513,13877
2021-06-25 15:43:00,114.024203851,114.028670892,114.018744134,114.018744134,10939
2021-06-25 15:42:00,114.021622894,114.028670892,114.018744134,114.018744134,34316
2021-06-25 15:41:00,114.003853997,114.023707513,114.003853997,114.023707513,33390
2021-06-25 15:40:00,114.008817376,114.008817376,113.998890618,113.998890618,8905
2021-06-25 15:39:00,113.998890618,114.008817376,113.998890618,114.003853997,18614
2021-06-25 15:38:00,114.003853997,114.008817376,113.998890618,113.998890618,24022
2021-06-25 15:37:00,114.003853997,114.008817376,113.998890618,113.998890618,11931
2021-06-25 15:36:00,113.998890618,114.004846672,113.998890618,113.998890618,8452
2021-06-25 15:35:00,114.008817376,114.008817376,113.998890618,114.003853997,8924
2021-06-25 15:34:00,113.998890618,114.003853997,113.988963859,114.003853997,28904
2021-06-25 15:33:00,113.993927238,113.993927238,113.988963859,113.990452873,4183
2021-06-25 15:32:00,113.993927238,113.998890618,113.988963859,113.988963859,19909
2021-06-25 15:31:00,113.988963859,113.998890618,113.988963859,113.993927238,2134
2021-06-25 15:30:00,113.996706731,113.996706731,113.988963859,113.99263676,922
2021-06-25 15:29:00,113.996706731,113.998890618,113.988963859,113.988963859,1980
2021-06-25 15:28:00,113.989460197,113.998890618,113.989460197,113.993927238,2563
2021-06-25 15:27:00,113.995019182,113.997401604,113.988963859,113.997004533,4899
2021-06-25 15:26:00,113.988963859,113.993927238,113.988963859,113.993927238,2438
2021-06-25 15:25:00,113.993927238,113.998890618,113.993927238,113.993927238,2006
2021-06-25 15:24:00,113.993927238,113.998890618,113.988963859,113.996408928,27967
2021-06-25 15:23:00,113.998890618,113.998890618,113.998890618,113.998890618,1186
2021-06-25 15:22:00,113.988963859,113.998890618,113.988963859,113.993927238,26076
2021-06-25 15:21:00,113.988963859,113.998890618,113.988963859,113.988963859,2232
2021-06-25 15:20:00,113.993927238,113.993927238,113.993927238,113.993927238,4556
2021-06-25 15:19:00,113.998890618,113.998890618,113.993728703,113.993728703,4815
2021-06-25 15:18:00,113.995217717,113.99879135,113.995217717,113.99879135,3005
2021-06-25 15:17:00,113.988963859,113.998890618,113.988963859,113.998890618,5293
2021-06-25 15:16:00,113.979037101,113.988963859,113.979037101,113.988864592,3734
2021-06-25 15:15:00,113.979037101,113.985191691,113.973676652,113.976555412,31125
2021-06-25 15:14:00,113.988963859,113.988963859,113.974073722,113.978937834,11281
2021-06-25 15:13:00,113.988963859,113.99879135,113.988963859,113.997897942,1334
2021-06-25 15:12:00,113.998890618,113.998890618,113.988963859,113.988963859,3186
2021-06-25 15:11:00,113.988963859,113.99879135,113.988963859,113.993927238,4504
2021-06-25 15:10:00,113.997103801,113.998890618,113.991048479,113.991048479,3054
2021-06-25 15:09:00,113.998890618,113.998890618,113.993927238,113.993927238,4459
2021-06-25 15:08:00,114.008817376,114.008817376,113.998890618,114.000379631,3291
2021-06-25 15:07:00,113.998890618,114.003853997,113.991048479,113.998890618,33247
2021-06-25 15:06:00,113.99591259,113.998890618,113.990452873,113.998890618,7584
2021-06-25 15:05:00,113.984893889,113.988963859,113.982908537,113.988963859,12900
2021-06-25 15:04:00,113.970996427,113.979037101,113.970996427,113.979037101,4579
2021-06-25 15:03:00,113.970103019,113.979037101,113.970103019,113.979037101,4258
2021-06-25 15:02:00,113.959183585,113.974073722,113.959183585,113.969110343,6534
2021-06-25 15:01:00,113.959183585,113.964146964,113.959183585,113.959183585,11858
2021-06-25 15:00:00,113.949256827,113.957396768,113.949256827,113.949256827,11937
2021-06-25 14:59:00,113.941513955,113.949256827,113.940322744,113.949256827,4656
2021-06-25 14:58:00,113.939330069,113.944293448,113.939330069,113.944293448,473
2021-06-25 14:57:00,113.939330069,113.944293448,113.939330069,113.939330069,2317
2021-06-25 14:56:00,113.936352041,113.939330069,113.92940331,113.93436669,33737
2021-06-25 14:55:00,113.946278799,113.949256827,113.931289395,113.931686465,12474
2021-06-25 14:54:00,113.944293448,113.947370743,113.939330069,113.944293448,2947
2021-06-25 14:53:00,113.949256827,113.949256827,113.941116885,113.947767813,6030
2021-06-25 14:52:00,113.949256827,113.949256827,113.944293448,113.944293448,3142
2021-06-25 14:51:00,113.94707294,113.948859756,113.942605899,113.948859756,525
2021-06-25 14:50:00,113.93436669,113.949256827,113.93148793,113.943499307,5946
2021-06-25 14:49:00,113.939330069,113.939330069,113.932679141,113.93764252,3128
2021-06-25 14:48:00,113.93436669,113.939330069,113.932679141,113.939330069,4215
2021-06-25 14:47:00,113.939330069,113.939330069,113.929502578,113.939330069,875
2021-06-25 14:46:00,113.939330069,113.939330069,113.930395986,113.939330069,10312
2021-06-25 14:45:00,113.92940331,113.939330069,113.92940331,113.939330069,3491
2021-06-25 14:44:00,113.92940331,113.93436669,113.929304043,113.93436669,7370
2021-06-25 14:43:00,113.925829678,113.925829678,113.924439931,113.924439931,1169
2021-06-25 14:42:00,113.924439931,113.927914297,113.924439931,113.927914297,624
2021-06-25 14:41:00,113.92940331,113.92940331,113.919476552,113.919476552,6920
2021-06-25 14:40:00,113.924439931,113.92940331,113.924439931,113.92940331,6634
2021-06-25 14:39:00,113.932381338,113.93436669,113.92940331,113.93436669,5813
2021-06-25 14:38:00,113.939330069,113.939330069,113.92940331,113.93436669,7693
2021-06-25 14:37:00,113.92940331,113.939330069,113.919476552,113.939330069,45514
2021-06-25 14:36:00,113.924439931,113.92940331,113.921858974,113.92940331,6021
2021-06-25 14:35:00,113.924439931,113.92940331,113.919476552,113.924439931,3563
2021-06-25 14:34:00,113.924042861,113.924439931,113.924042861,113.924439931,2097
2021-06-25 14:33:00,113.919476552,113.92940331,113.914513173,113.924439931,13747
2021-06-25 14:32:00,113.924539199,113.925829678,113.919476552,113.919476552,1872
2021-06-25 14:30:00,113.923546523,113.92940331,113.91997289,113.924439931,5088
2021-06-25 14:29:00,113.92940331,113.92940331,113.91957582,113.91957582,1113
2021-06-25 14:28:00,113.934168154,113.939330069,113.92940331,113.92940331,5651
2021-06-25 14:27:00,113.93436669,113.939330069,113.92940331,113.939330069,4592
2021-06-25 14:26:00,113.930991592,113.938337393,113.92940331,113.93436669,8978
2021-06-25 14:25:00,113.93436669,113.936352041,113.93436669,113.936352041,688
2021-06-25 14:24:00,113.93436669,113.939330069,113.92940331,113.93436669,4764
2021-06-25 14:23:00,113.944293448,113.944293448,113.93436669,113.937146182,10434
2021-06-25 14:22:00,113.939330069,113.949256827,113.939330069,113.949256827,2628
2021-06-25 14:21:00,113.93436669,113.939330069,113.93436669,113.93436669,6420
2021-06-25 14:20:00,113.939330069,113.939330069,113.931587197,113.93436669,2705
2021-06-25 14:19:00,113.93436669,113.93436669,113.92940331,113.92940331,11211
2021-06-25 14:18:00,113.929899648,113.937841055,113.92940331,113.92940331,17152
2021-06-25 14:17:00,113.93436669,113.939330069,113.92940331,113.930991592,6961
2021-06-25 14:16:00,113.938138858,113.939230801,113.92940331,113.93436669,4545
2021-06-25 14:15:00,113.944293448,113.944293448,113.937543252,113.939330069,6482
2021-06-25 14:14:00,113.93436669,113.939330069,113.93436669,113.939330069,11303
2021-06-25 14:13:00,113.931388662,113.939330069,113.92940331,113.933274746,6244
2021-06-25 14:12:00,113.939330069,113.939330069,113.930395986,113.930395986,2698
2021-06-25 14:11:00,113.939330069,113.949256827,113.933374014,113.933374014,6935
2021-06-25 14:10:00,113.944293448,113.949157559,113.939330069,113.94379711,18293
2021-06-25 14:09:00,113.948859756,113.949256827,113.944293448,113.949256827,13716
2021-06-25 14:08:00,113.939330069,113.949256827,113.939330069,113.944293448,25834
2021-06-25 14:07:00,113.93436669,113.93436669,113.93436669,113.93436669,442
2021-06-25 14:06:00,113.939330069,113.944293448,113.931190127,113.93436669,41112
2021-06-25 14:05:00,113.944293448,113.949256827,113.941513955,113.944293448,5840
2021-06-25 14:04:00,113.937741787,113.944293448,113.937741787,113.944293448,3124
2021-06-25 14:03:00,113.93436669,113.939330069,113.92940331,113.939330069,15148
2021-06-25 14:02:00,113.924439931,113.939330069,113.920965566,113.939330069,55132
2021-06-25 14:01:00,113.919476552,113.929304043,113.919476552,113.924439931,15223
2021-06-25 14:00:00,113.927616494,113.929304043,113.914513173,113.919377285,23546
2021-06-25 13:59:00,113.924439931,113.92940331,113.919476552,113.920369961,4381
2021-06-25 13:58:00,113.924439931,113.927219424,113.924439931,113.924439931,906
2021-06-25 13:57:00,113.920965566,113.920965566,113.920965566,113.920965566,1363
2021-06-25 13:56:00,113.93436669,113.93436669,113.92940331,113.92940331,8981
2021-06-25 13:55:00,113.939330069,113.939330069,113.939330069,113.939330069,2873
2021-06-25 13:54:00,113.93436669,113.93436669,113.93436669,113.93436669,2011
2021-06-25 13:53:00,113.94707294,113.94707294,113.93436669,113.93436669,12319
2021-06-25 13:52:00,113.959183585,113.959183585,113.944293448,113.944293448,25220
2021-06-25 13:51:00,113.959183585,113.96265795,113.959183585,113.959183585,3965
2021-06-25 13:50:00,113.959183585,113.959183585,113.950944376,113.950944376,1777
2021-06-25 13:49:00,113.939330069,113.939330069,113.939330069,113.939330069,3636
2021-06-25 13:48:00,113.919476552,113.92940331,113.919476552,113.92940331,20372
2021-06-25 13:47:00,113.927417959,113.92940331,113.927417959,113.92940331,566
2021-06-25 13:46:00,113.924439931,113.927914297,113.920965566,113.927914297,1176
2021-06-25 13:45:00,113.92940331,113.92940331,113.92940331,113.92940331,624
2021-06-25 13:44:00,113.924439931,113.924439931,113.924439931,113.924439931,359
2021-06-25 13:43:00,113.919476552,113.92940331,113.919476552,113.919476552,16699
2021-06-25 13:42:00,113.918483876,113.919476552,113.911138075,113.916796328,4760
2021-06-25 13:41:00,113.92940331,113.92940331,113.919476552,113.919476552,2759
2021-06-25 13:40:00,113.92940331,113.92940331,113.92940331,113.92940331,4940
2021-06-25 13:39:00,113.919476552,113.92940331,113.919476552,113.92940331,11778
2021-06-25 13:38:00,113.924439931,113.92940331,113.919476552,113.924439931,2281
2021-06-25 13:37:00,113.924439931,113.92612748,113.91957582,113.924439931,9196
2021-06-25 13:36:00,113.93436669,113.93436669,113.924439931,113.924439931,2888
2021-06-25 13:35:00,113.93436669,113.93436669,113.93436669,113.93436669,631
2021-06-25 13:34:00,113.92940331,113.929502578,113.92940331,113.92940331,1272
2021-06-25 13:33:00,113.92940331,113.93436669,113.92940331,113.93436669,7008
2021-06-25 13:32:00,113.939330069,113.939330069,113.92940331,113.92940331,3475
2021-06-25 13:31:00,113.949256827,113.949256827,113.92940331,113.92940331,2823
2021-06-25 13:30:00,113.949356094,113.958687247,113.949356094,113.954220206,1116
2021-06-25 13:29:00,113.951341446,113.958190909,113.949256827,113.958190909,10169
2021-06-25 13:28:00,113.959183585,113.959183585,113.951440714,113.952234854,3170
2021-06-25 13:27:00,113.949256827,113.949256827,113.944293448,113.949256827,12295
2021-06-25 13:26:00,113.949157559,113.949157559,113.939330069,113.939330069,1303
2021-06-25 13:25:00,113.949256827,113.949256827,113.949256827,113.949256827,2051
2021-06-25 13:24:00,113.939330069,113.954220206,113.939330069,113.954220206,5782
2021-06-25 13:23:00,113.93436669,113.938337393,113.93436669,113.93436669,1362
2021-06-25 13:22:00,113.939330069,113.939330069,113.93436669,113.93436669,7650
2021-06-25 13:21:00,113.937046914,113.939330069,113.93436669,113.939230801,3985
2021-06-25 13:20:00,113.939330069,113.939330069,113.934068887,113.939330069,9789
2021-06-25 13:19:00,113.939330069,113.939330069,113.93436669,113.939330069,1715
2021-06-25 13:18:00,113.93436669,113.939330069,113.93436669,113.93436669,822
2021-06-25 13:17:00,113.939330069,113.939330069,113.935061563,113.939330069,2567
2021-06-25 13:16:00,113.92940331,113.939330069,113.92940331,113.939330069,3850
2021-06-25 13:15:00,113.939925674,113.948264151,113.939330069,113.939330069,3865
2021-06-25 13:14:00,113.95074584,113.95074584,113.939330069,113.939330069,4680
2021-06-25 13:13:00,113.974073722,113.974073722,113.959183585,113.959183585,8256
2021-06-25 13:11:00,113.974073722,113.974073722,113.969110343,113.974073722,853
2021-06-25 13:10:00,113.969110343,113.977250285,113.969110343,113.969110343,15274
2021-06-25 13:09:00,113.979037101,113.979037101,113.974073722,113.974073722,1590
2021-06-25 13:08:00,113.974073722,113.976853214,113.972584708,113.976853214,1950
2021-06-25 13:07:00,113.979037101,113.979037101,113.969110343,113.969110343,3229
2021-06-25 13:06:00,113.982312931,113.988963859,113.979037101,113.979037101,3958
2021-06-25 13:05:00,113.988963859,113.988963859,113.981220988,113.981220988,999
2021-06-25 13:04:00,113.98400048,113.988963859,113.979037101,113.979037101,6219
2021-06-25 13:03:00,113.979037101,113.988963859,113.979037101,113.979037101,4833
2021-06-25 13:02:00,113.98400048,113.985985832,113.979037101,113.985191691,2063
2021-06-25 13:01:00,113.98400048,113.988963859,113.979037101,113.987971184,5015
2021-06-25 13:00:00,113.979037101,113.988963859,113.979037101,113.98400048,8041
2021-06-25 12:59:00,113.974073722,113.987375578,113.974073722,113.979037101,5519
2021-06-25 12:58:00,113.979037101,113.979037101,113.974073722,113.979037101,1410
2021-06-25 12:57:00,113.981717326,113.981717326,113.974073722,113.974073722,1166
2021-06-25 12:56:00,113.98400048,113.988963859,113.982610734,113.98400048,5118
2021-06-25 12:55:00,113.986779973,113.987971184,113.979037101,113.98400048,12272
2021-06-25 12:54:00,113.979037101,113.98400048,113.979037101,113.979037101,2136
2021-06-25 12:53:00,113.979037101,113.988963859,113.979037101,113.979037101,17211
2021-06-25 12:52:00,113.972683976,113.987474846,113.969110343,113.979037101,18400
2021-06-25 12:51:00,113.979037101,113.979037101,113.969110343,113.97089716,1912
2021-06-25 12:50:00,113.988963859,113.988963859,113.98400048,113.988864592,1898
2021-06-25 12:49:00,113.993927238,113.99879135,113.993927238,113.993927238,2949
2021-06-25 12:48:00,113.998890618,113.998890618,113.988963859,113.993927238,3056
2021-06-25 12:47:00,113.988963859,113.997203069,113.98400048,113.997203069,16151
2021-06-25 12:46:00,113.993927238,113.99879135,113.988963859,113.993927238,5551
2021-06-25 12:45:00,113.993927238,113.994622112,113.993927238,113.994622112,1010
2021-06-25 12:44:00,113.989063127,113.998890618,113.989063127,113.998890618,2509
2021-06-25 12:43:00,113.995614787,113.995614787,113.988963859,113.993927238,1774
2021-06-25 12:42:00,114.003853997,114.008817376,113.993927238,113.993927238,19478
2021-06-25 12:41:00,113.998890618,114.006931292,113.998890618,113.998890618,14994
2021-06-25 12:40:00,114.008817376,114.008817376,114.003853997,114.003853997,6017
2021-06-25 12:39:00,114.002662786,114.006633489,113.998989885,113.998989885,4017
2021-06-25 12:38:00,113.998890618,114.003853997,113.998890618,114.003853997,22191
2021-06-25 12:37:00,113.998890618,114.008817376,113.998890618,114.0078247,3130
2021-06-25 12:36:00,113.999883293,114.008817376,113.998890618,114.003853997,747
2021-06-25 12:35:00,114.010207122,114.013780755,114.003853997,114.003853997,6823
2021-06-25 12:33:00,114.008817376,114.008817376,114.005839348,114.008817376,1737
2021-06-25 12:32:00,114.011299065,114.016957317,114.008817376,114.008817376,2246
2021-06-25 12:31:00,114.018744134,114.018744134,114.013780755,114.018744134,1357
2021-06-25 12:30:00,114.023707513,114.028670892,114.018744134,114.018744134,2571
2021-06-25 12:29:00,114.018744134,114.023707513,114.018744134,114.023508978,1442
2021-06-25 12:28:00,114.023707513,114.023707513,114.011795403,114.018744134,6844
2021-06-25 12:27:00,114.027181878,114.028571624,114.018744134,114.023707513,14883
2021-06-25 12:26:00,114.028670892,114.033634271,114.018744134,114.018744134,10142
2021-06-25 12:25:00,114.033634271,114.033634271,114.023707513,114.023707513,14506
2021-06-25 12:24:00,114.026189202,114.033634271,114.023707513,114.033634271,4076
2021-06-25 12:23:00,114.028670892,114.028670892,114.018744134,114.028670892,3729
2021-06-25 12:22:00,114.018744134,114.028670892,114.018744134,114.028670892,39157
2021-06-25 12:21:00,114.010405657,114.01685805,114.010405657,114.01685805,644
2021-06-25 12:20:00,114.008817376,114.018744134,114.008817376,114.018744134,9266
2021-06-25 12:19:00,114.003853997,114.008817376,114.003853997,114.008817376,891
2021-06-25 12:18:00,114.008718108,114.008817376,114.003853997,114.008817376,1323
2021-06-25 12:17:00,114.008817376,114.008817376,114.008817376,114.008817376,880
2021-06-25 12:16:00,114.008817376,114.016560247,114.008817376,114.008817376,2339
2021-06-25 12:15:00,113.998890618,114.018744134,113.998890618,114.018744134,2298
2021-06-25 12:14:00,113.998890618,114.003853997,113.998890618,114.003655461,4878
2021-06-25 12:13:00,113.998890618,113.998890618,113.993927238,113.994820647,2854
2021-06-25 12:12:00,113.993927238,113.993927238,113.993927238,113.993927238,525
2021-06-25 12:11:00,113.998890618,113.998890618,113.998890618,113.998890618,6673
2021-06-25 12:10:00,114.007626165,114.007626165,114.000776702,114.003853997,2774
2021-06-25 12:09:00,114.003853997,114.008817376,113.999883293,114.006633489,14605
2021-06-25 12:08:00,113.998890618,114.008718108,113.998890618,114.008718108,4909
2021-06-25 12:07:00,114.007923967,114.008817376,114.003853997,114.006931292,3198
2021-06-25 12:06:00,114.001074504,114.008817376,113.998890618,114.008817376,1928
2021-06-25 12:05:00,114.018744134,114.018744134,114.008817376,114.008817376,28961
2021-06-25 12:04:00,114.023707513,114.023707513,114.013780755,114.018744134,41298
2021-06-25 12:03:00,114.028571624,114.028571624,114.018744134,114.018744134,2597
2021-06-25 12:02:00,114.028670892,114.028670892,114.01973681,114.01973681,1459
2021-06-25 12:01:00,114.033634271,114.033634271,114.023707513,114.028670892,7026
2021-06-25 12:00:00,114.03859765,114.03859765,114.028670892,114.034527679,3463
2021-06-25 11:59:00,114.033634271,114.03859765,114.033634271,114.033634271,7036
2021-06-25 11:58:00,114.028670892,114.048524408,114.026586273,114.03859765,58981
2021-06-25 11:57:00,114.023707513,114.027678216,114.023707513,114.027678216,715
2021-06-25 11:56:00,114.023707513,114.023707513,114.020928021,114.020928021,2132
2021-06-25 11:55:00,114.026586273,114.028670892,114.018744134,114.028670892,3349
2021-06-25 11:54:00,114.023707513,114.028670892,114.020928021,114.028571624,2455
2021-06-25 11:53:00,114.021821429,114.023707513,114.021821429,114.023707513,3171
2021-06-25 11:52:00,114.024898724,114.024898724,114.018744134,114.018744134,6816
2021-06-25 11:51:00,114.033634271,114.034825482,114.02053095,114.023707513,22579
2021-06-25 11:50:00,114.030159906,114.03859765,114.030159906,114.037604974,4979
2021-06-25 11:49:00,114.03859765,114.03859765,114.028670892,114.02877016,20991
2021-06-25 11:48:00,114.048425141,114.048524408,114.03859765,114.03859765,1864
2021-06-25 11:47:00,114.048524408,114.048524408,114.038796185,114.043561029,2203
2021-06-25 11:46:00,114.033336468,114.048524408,114.033336468,114.048524408,30378
2021-06-25 11:45:00,114.03859765,114.040086664,114.028670892,114.028670892,4158
2021-06-25 11:44:00,114.048524408,114.057458491,114.040086664,114.043561029,4286
2021-06-25 11:43:00,114.066293305,114.066293305,114.048524408,114.048524408,24305
2021-06-25 11:42:00,114.076716401,114.076716401,114.05994018,114.05994018,2944
2021-06-25 11:41:00,114.073341304,114.078205415,114.068477192,114.073341304,5553
2021-06-25 11:40:00,114.076120796,114.076120796,114.070561811,114.073341304,991
2021-06-25 11:39:00,114.073341304,114.073341304,114.070760347,114.070760347,506
2021-06-25 11:38:00,114.075326655,114.078205415,114.073341304,114.078205415,2311
2021-06-25 11:37:00,114.078205415,114.078304683,114.070561811,114.073341304,6899
2021-06-25 11:36:00,114.066789643,114.068377925,114.05914604,114.063414546,3326
2021-06-25 11:35:00,114.076220064,114.076220064,114.063414546,114.063414546,698
2021-06-25 11:34:00,114.068377925,114.076220064,114.068377925,114.073341304,3949
2021-06-25 11:33:00,114.058451166,114.068377925,114.058451166,114.068377925,5484
2021-06-25 11:32:00,114.068377925,114.06857646,114.068377925,114.06857646,2265
2021-06-25 11:31:00,114.05994018,114.060138715,114.05994018,114.060138715,1271
2021-06-25 11:30:00,114.063414546,114.068377925,114.058451166,114.068377925,10181
2021-06-25 11:29:00,114.068377925,114.073341304,114.058451166,114.068278657,18474
2021-06-25 11:28:00,114.088231441,114.094386031,114.078304683,114.078304683,52783
2021-06-25 11:27:00,114.079793696,114.088231441,114.079793696,114.088231441,10712
2021-06-25 11:26:00,114.073341304,114.078304683,114.068377925,114.078304683,31401
2021-06-25 11:25:00,114.088231441,114.088231441,114.073341304,114.073341304,19358
2021-06-25 11:24:00,114.083268062,114.088231441,114.073341304,114.088231441,7191
2021-06-25 11:23:00,114.068377925,114.088231441,114.068377925,114.088231441,28521
2021-06-25 11:22:00,114.048623676,114.068377925,114.048623676,114.058451166,23576
2021-06-25 11:21:00,114.03859765,114.058451166,114.033634271,114.048524408,11687
2021-06-25 11:20:00,114.033634271,114.048524408,114.033634271,114.03859765,46625
2021-06-25 11:19:00,114.033634271,114.048524408,114.033634271,114.03859765,9745
2021-06-25 11:18:00,114.023707513,114.033634271,114.023707513,114.033634271,1829
2021-06-25 11:17:00,114.018744134,114.023707513,114.018744134,114.023707513,20670
2021-06-25 11:16:00,114.018744134,114.023707513,114.018744134,114.023707513,2380
2021-06-25 11:15:00,114.028670892,114.03859765,114.023707513,114.023707513,15167
2021-06-25 11:14:00,114.030656244,114.03859765,114.030656244,114.03859765,1352
2021-06-25 11:13:00,114.028670892,114.030159906,114.023707513,114.028670892,7247
2021-06-25 11:12:00,114.022714837,114.03859765,114.018744134,114.028670892,8671
2021-06-25 11:11:00,114.013780755,114.018744134,114.013780755,114.018744134,1740
2021-06-25 11:10:00,114.028670892,114.028670892,114.008817376,114.008817376,27053
2021-06-25 11:09:00,114.013780755,114.028670892,114.013780755,114.026784808,3781
2021-06-25 11:08:00,114.003853997,114.008817376,113.998890618,114.008817376,17643
2021-06-25 11:07:00,113.998890618,114.003853997,113.998890618,114.003853997,32012
2021-06-25 11:06:00,114.007328362,114.007328362,113.998890618,113.998890618,2233
2021-06-25 11:05:00,113.993927238,114.007328362,113.979037101,114.007328362,72778
2021-06-25 11:04:00,113.988963859,113.998890618,113.988963859,113.998890618,4860
2021-06-25 11:03:00,114.000875969,114.001868645,113.988963859,113.988963859,27250
2021-06-25 11:02:00,114.016957317,114.017751458,113.998890618,114.001868645,22149
2021-06-25 11:01:00,114.043561029,114.046340521,114.028670892,114.028670892,24483
2021-06-25 11:00:00,114.036711566,114.048524408,114.036711566,114.043561029,17274
2021-06-25 10:59:00,114.047531732,114.048524408,114.030159906,114.030159906,10858
2021-06-25 10:58:00,114.048524408,114.056862885,114.03859765,114.046539057,6740
2021-06-25 10:57:00,114.078304683,114.078304683,114.048524408,114.048524408,31628
2021-06-25 10:56:00,114.084657808,114.088231441,114.078304683,114.078304683,1670
2021-06-25 10:55:00,114.088231441,114.088231441,114.078304683,114.078304683,1909
2021-06-25 10:54:00,114.088231441,114.088231441,114.080389302,114.088231441,2854
2021-06-25 10:53:00,114.088231441,114.088231441,114.083268062,114.083268062,1740
2021-06-25 10:52:00,114.103121578,114.108084957,114.088231441,114.088231441,105193
2021-06-25 10:51:00,114.100044283,114.100044283,114.100044283,114.100044283,714
2021-06-25 10:50:00,114.127938474,114.127938474,114.108084957,114.11701904,1541
2021-06-25 10:49:00,114.127938474,114.131015769,114.127938474,114.131015769,1882
2021-06-25 10:48:00,114.127938474,114.127938474,114.119004391,114.127938474,4143
2021-06-25 10:47:00,114.118011715,114.127938474,114.108084957,114.119500729,17807
2021-06-25 10:46:00,114.137865232,114.137865232,114.121585348,114.121982419,994
2021-06-25 10:45:00,114.142828611,114.14779199,114.137865232,114.137865232,1321
2021-06-25 10:44:00,114.137666696,114.142828611,114.137666696,114.138857907,4596
2021-06-25 10:43:00,114.127938474,114.137865232,114.127144333,114.137865232,1526
2021-06-25 10:42:00,114.118011715,114.127938474,114.118011715,114.121287546,2501
2021-06-25 10:41:00,114.115827829,114.118011715,114.115827829,114.118011715,510
2021-06-25 10:40:00,114.127839206,114.127839206,114.127839206,114.127839206,792
2021-06-25 10:39:00,114.122975094,114.122975094,114.118011715,114.118011715,676
2021-06-25 10:38:00,114.120989743,114.127938474,114.118011715,114.127938474,2553
2021-06-25 10:37:00,114.127938474,114.132901853,114.118011715,114.118011715,5589
2021-06-25 10:36:00,114.129427487,114.129427487,114.127938474,114.127938474,726
2021-06-25 10:35:00,114.13627695,114.13627695,114.127938474,114.127938474,2271
2021-06-25 10:34:00,114.122975094,114.127938474,114.122975094,114.127938474,1106
2021-06-25 10:33:00,114.129626022,114.137865232,114.118011715,114.118011715,3538
2021-06-25 10:32:00,114.137865232,114.14779199,114.127938474,114.127938474,6680
2021-06-25 10:31:00,114.152755369,114.152755369,114.12317363,114.12317363,3137
2021-06-25 10:30:00,114.157718748,114.165660154,114.149578806,114.149578806,2375
2021-06-25 10:29:00,114.157718748,114.157718748,114.152755369,114.157123142,3914
2021-06-25 10:28:00,114.167645506,114.177572264,114.167645506,114.167645506,1422
2021-06-25 10:27:00,114.172608885,114.172608885,114.167645506,114.172608885,1296
2021-06-25 10:26:00,114.163674803,114.163674803,114.161590184,114.161590184,1923
2021-06-25 10:25:00,114.177572264,114.177572264,114.167645506,114.167645506,4667
2021-06-25 10:24:00,114.172608885,114.179458348,114.172608885,114.177572264,16522
2021-06-25 10:23:00,114.149281004,114.167645506,114.149281004,114.167645506,2435
2021-06-25 10:22:00,114.142828611,114.157718748,114.139354245,114.155931931,5049
2021-06-25 10:21:00,114.157718748,114.157718748,114.145211033,114.14779199,4734
2021-06-25 10:20:00,114.157718748,114.162682127,114.152755369,114.157718748,6701
2021-06-25 10:19:00,114.146799314,114.157718748,114.146799314,114.157718748,1101
2021-06-25 10:18:00,114.14779199,114.14779199,114.14779199,114.14779199,841
2021-06-25 10:17:00,114.14779199,114.152755369,114.14779199,114.14779199,1437
2021-06-25 10:16:00,114.167645506,114.167645506,114.139949851,114.139949851,24824
2021-06-25 10:15:00,114.172608885,114.176579588,114.167645506,114.167645506,11326
2021-06-25 10:14:00,114.177572264,114.177572264,114.177572264,114.177572264,5785
2021-06-25 10:13:00,114.187499022,114.187499022,114.173601561,114.173601561,20926
2021-06-25 10:12:00,114.192462401,114.192462401,114.192462401,114.192462401,520
2021-06-25 10:11:00,114.212315918,114.216286621,114.207352539,114.207352539,4872
2021-06-25 10:10:00,114.207352539,114.212315918,114.207352539,114.207451806,923
2021-06-25 10:09:00,114.207451806,114.207451806,114.20238916,114.207352539,3904
2021-06-25 10:08:00,114.218172705,114.218172705,114.207352539,114.207451806,2844
2021-06-25 10:07:00,114.218768311,114.218768311,114.217279297,114.217279297,520
2021-06-25 10:06:00,114.222242676,114.227206055,114.217279297,114.226808985,9455
2021-06-25 10:05:00,114.217279297,114.225717041,114.217279297,114.218768311,1806
2021-06-25 10:04:00,114.20238916,114.207451806,114.197425781,114.207451806,19417
2021-06-25 10:03:00,114.20238916,114.206558398,114.197425781,114.20238916,6359
2021-06-25 10:02:00,114.20238916,114.217279297,114.20238916,114.207352539,6893
2021-06-25 10:01:00,114.197425781,114.207253271,114.197425781,114.197425781,8216
2021-06-25 10:00:00,114.20238916,114.207352539,114.198914794,114.207352539,490
2021-06-25 09:59:00,114.215293945,114.215293945,114.197425781,114.197425781,5296
2021-06-25 09:58:00,114.178068602,114.217279297,114.177671532,114.217279297,10057
2021-06-25 09:57:00,114.187499022,114.187499022,114.186804149,114.186804149,3818
2021-06-25 09:56:00,114.192462401,114.197425781,114.182535643,114.182535643,15865
2021-06-25 09:55:00,114.197425781,114.197425781,114.192462401,114.192462401,13484
2021-06-25 09:54:00,114.196433105,114.207352539,114.192462401,114.197425781,32756
2021-06-25 09:53:00,114.192462401,114.197425781,114.192462401,114.197425781,1891
2021-06-25 09:52:00,114.196433105,114.197425781,114.189682909,114.197425781,14961
2021-06-25 09:51:00,114.212315918,114.212315918,114.197425781,114.197425781,22047
2021-06-25 09:50:00,114.207352539,114.207352539,114.207352539,114.207352539,775
2021-06-25 09:49:00,114.213308594,114.217279297,114.207352539,114.217279297,8300
2021-06-25 09:48:00,114.206657666,114.212315918,114.206657666,114.212315918,982
2021-06-25 09:47:00,114.197425781,114.197425781,114.197425781,114.197425781,2103
2021-06-25 09:46:00,114.212315918,114.212315918,114.207352539,114.207352539,5117
2021-06-25 09:45:00,114.227206055,114.227206055,114.210330566,114.216286621,13087
2021-06-25 09:44:00,114.227206055,114.227206055,114.217279297,114.217378564,7987
2021-06-25 09:43:00,114.242096192,114.242096192,114.232169434,114.232169434,837
2021-06-25 09:42:00,114.237728419,114.242096192,114.237132813,114.242096192,4127
2021-06-25 09:41:00,114.237132813,114.247059571,114.237132813,114.242096192,954
2021-06-25 09:40:00,114.247059571,114.247059571,114.237132813,114.237132813,1426
2021-06-25 09:39:00,114.242096192,114.247059571,114.237132813,114.237232081,5730
2021-06-25 09:38:00,114.232169434,114.242096192,114.227206055,114.242096192,6230
2021-06-25 09:37:00,114.237132813,114.237132813,114.227206055,114.227206055,8815
2021-06-25 09:36:00,114.237132813,114.247059571,114.227206055,114.237132813,14715
2021-06-25 09:35:00,114.244478614,114.247059571,114.237132813,114.244081544,5137
2021-06-25 09:34:00,114.256986329,114.256986329,114.242096192,114.242096192,51297
2021-06-25 09:33:00,114.271876467,114.271876467,114.256986329,114.266913088,2814
2021-06-25 09:32:00,114.276839846,114.276839846,114.266913088,114.271876467,3574
2021-06-25 09:31:00,114.266913088,114.286766604,114.247059571,114.276839846,91016
2021-06-24 16:04:00,114.247059571,114.247059571,114.247059571,114.247059571,730067
2021-06-24 16:02:00,114.247059571,114.247059571,114.247059571,114.247059571,83812
2021-06-24 16:00:00,114.242096192,114.247059571,114.227206055,114.227206055,210323
2021-06-24 15:59:00,114.242096192,114.247059571,114.237132813,114.242096192,77098
2021-06-24 15:58:00,114.247059571,114.256986329,114.237132813,114.246066896,173228
2021-06-24 15:57:00,114.25202295,114.256986329,114.247059571,114.247059571,50944
2021-06-24 15:56:00,114.256986329,114.256986329,114.247059571,114.25202295,80690
2021-06-24 15:55:00,114.256986329,114.266913088,114.248449317,114.25202295,74518
2021-06-24 15:54:00,114.256986329,114.266913088,114.256986329,114.256986329,52247
2021-06-24 15:53:00,114.261949709,114.266913088,114.256986329,114.257681203,6198
2021-06-24 15:52:00,114.256986329,114.261949709,114.256986329,114.257085597,5149
2021-06-24 15:51:00,114.261949709,114.266913088,114.256986329,114.256986329,5120
2021-06-24 15:50:00,114.256986329,114.266913088,114.256986329,114.256986329,7076
2021-06-24 15:49:00,114.26393506,114.266913088,114.256986329,114.261949709,6468
2021-06-24 15:48:00,114.265920412,114.266913088,114.256986329,114.261949709,15159
2021-06-24 15:47:00,114.266913088,114.266913088,114.257482667,114.261949709,8228
2021-06-24 15:46:00,114.256986329,114.266913088,114.256986329,114.261949709,3528
2021-06-24 15:45:00,114.266913088,114.266913088,114.261949709,114.264828468,1508
2021-06-24 15:44:00,114.261949709,114.266913088,114.261949709,114.261949709,12812
2021-06-24 15:43:00,114.266913088,114.266913088,114.256986329,114.256986329,5174
2021-06-24 15:42:00,114.25202295,114.266913088,114.249243458,114.261949709,12995
2021-06-24 15:41:00,114.256986329,114.256986329,114.25202295,114.256986329,5550
2021-06-24 15:40:00,114.256986329,114.256986329,114.248548585,114.256986329,20805
2021-06-24 15:39:00,114.25202295,114.256986329,114.250037599,114.25202295,8794
2021-06-24 15:38:00,114.251129542,114.25202295,114.247059571,114.25202295,1913
2021-06-24 15:37:00,114.25202295,114.256986329,114.25202295,114.254306105,3722
2021-06-24 15:36:00,114.25202295,114.256986329,114.247059571,114.25202295,12077
2021-06-24 15:35:00,114.256986329,114.256986329,114.250434669,114.256986329,9366
2021-06-24 15:34:00,114.25202295,114.256986329,114.250136866,114.251328077,3498
2021-06-24 15:33:00,114.25202295,114.25202295,114.247754444,114.247754444,1888
2021-06-24 15:32:00,114.25202295,114.256986329,114.249144191,114.256986329,6736
2021-06-24 15:31:00,114.256986329,114.256986329,114.248945655,114.249243458,1189
2021-06-24 15:30:00,114.255497316,114.255497316,114.247059571,114.251129542,8734
2021-06-24 15:29:00,114.256986329,114.256986329,114.256986329,114.256986329,1181
2021-06-24 15:28:00,114.253611232,114.256986329,114.247059571,114.247059571,8975
2021-06-24 15:27:00,114.247158839,114.256986329,114.247059571,114.252519288,5600
2021-06-24 15:26:00,114.247059571,114.256986329,114.247059571,114.247059571,1485
2021-06-24 15:25:00,114.247059571,114.247059571,114.238621827,114.247059571,8156
2021-06-24 15:23:00,114.242096192,114.242096192,114.237132813,114.237132813,923
2021-06-24 15:22:00,114.242096192,114.247059571,114.237132813,114.237132813,95244
2021-06-24 15:21:00,114.244280079,114.247059571,114.239018897,114.242096192,6681
2021-06-24 15:20:00,114.245272755,114.245272755,114.237132813,114.237132813,1290
2021-06-24 15:19:00,114.247059571,114.253015626,114.237132813,114.237132813,6497
2021-06-24 15:18:00,114.256986329,114.256986329,114.247059571,114.25202295,6110
2021-06-24 15:17:00,114.247059571,114.247059571,114.247059571,114.247059571,4905
2021-06-24 15:16:00,114.247059571,114.25202295,114.247059571,114.247059571,21033
2021-06-24 15:15:00,114.247059571,114.247059571,114.242096192,114.242096192,8803
2021-06-24 15:14:00,114.247059571,114.247059571,114.237232081,114.237232081,2035
2021-06-24 15:13:00,114.237132813,114.247059571,114.232169434,114.238125489,25219
2021-06-24 15:12:00,114.232169434,114.237132813,114.227206055,114.232169434,2073
2021-06-24 15:11:00,114.235544532,114.235544532,114.227206055,114.232169434,2100
2021-06-24 15:10:00,114.237132813,114.237132813,114.227206055,114.235048194,8990
2021-06-24 15:09:00,114.237132813,114.237132813,114.229092139,114.237132813,6786
2021-06-24 15:08:00,114.250136866,114.256887062,114.227206055,114.228794336,10354
2021-06-24 15:07:00,114.256986329,114.256986329,114.247059571,114.255993654,39904
2021-06-24 15:06:00,114.252320753,114.256489992,114.247059571,114.247059571,4395
2021-06-24 15:05:00,114.256986329,114.256986329,114.247059571,114.247059571,459699
2021-06-24 15:04:00,114.261949709,114.261949709,114.256986329,114.261949709,3207
2021-06-24 15:03:00,114.271876467,114.271876467,114.256986329,114.256986329,3913
2021-06-24 15:02:00,114.271876467,114.276839846,114.266913088,114.266913088,12562
2021-06-24 15:01:00,114.268600637,114.276839846,114.266913088,114.271876467,20482
2021-06-24 15:00:00,114.266913088,114.276839846,114.266913088,114.276839846,5814
2021-06-24 14:59:00,114.276839846,114.276839846,114.271876467,114.271876467,2601
2021-06-24 14:58:00,114.286766604,114.286766604,114.276839846,114.281803225,2386
2021-06-24 14:57:00,114.286766604,114.29470801,114.27872593,114.27872593,1709
2021-06-24 14:56:00,114.290836575,114.296693362,114.288851223,114.294112405,1468
2021-06-24 14:55:00,114.296693362,114.296693362,114.291729983,114.295700686,39954
2021-06-24 14:54:00,114.291729983,114.291729983,114.286766604,114.291729983,21563
2021-06-24 14:53:00,114.291729983,114.296693362,114.291729983,114.291729983,9691
2021-06-24 14:52:00,114.286766604,114.294013137,114.286766604,114.286766604,2482
2021-06-24 14:51:00,114.286766604,114.296693362,114.286766604,114.291729983,2627
2021-06-24 14:50:00,114.296693362,114.296693362,114.291729983,114.291729983,1199
2021-06-24 14:49:00,114.286766604,114.291729983,114.286766604,114.286766604,5631
2021-06-24 14:48:00,114.291729983,114.295700686,114.286865872,114.291729983,3887
2021-06-24 14:47:00,114.295700686,114.296693362,114.287660012,114.296693362,4916
2021-06-24 14:46:00,114.291729983,114.296594095,114.286766604,114.291729983,2642
2021-06-24 14:45:00,114.296693362,114.296693362,114.286766604,114.286766604,442
2021-06-24 14:44:00,114.288851223,114.291729983,114.288454153,114.291729983,2587
2021-06-24 14:43:00,114.296693362,114.296693362,114.286766604,114.296594095,15673
2021-06-24 14:42:00,114.291729983,114.291729983,114.291729983,114.291729983,8780
2021-06-24 14:41:00,114.291729983,114.295105081,114.286766604,114.291729983,4865
2021-06-24 14:40:00,114.291729983,114.291729983,114.286766604,114.286766604,1855
2021-06-24 14:39:00,114.286766604,114.291729983,114.286766604,114.291729983,2599
2021-06-24 14:38:00,114.296693362,114.296693362,114.286766604,114.289744631,7236
2021-06-24 14:37:00,114.290042434,114.296693362,114.286865872,114.291729983,2911
2021-06-24 14:36:00,114.291729983,114.291729983,114.286766604,114.286766604,3654
2021-06-24 14:35:00,114.290836575,114.291729983,114.286766604,114.286766604,31065
2021-06-24 14:34:00,114.286766604,114.296693362,114.286766604,114.286865872,1856
2021-06-24 14:33:00,114.294608743,114.296594095,114.288255618,114.296594095,2399
2021-06-24 14:32:00,114.294906546,114.294906546,114.288255618,114.288255618,1996
2021-06-24 14:31:00,114.294509475,114.294509475,114.286766604,114.293417532,4605
2021-06-24 14:30:00,114.296395559,114.296395559,114.291729983,114.291729983,1420
2021-06-24 14:29:00,114.288652688,114.295700686,114.288652688,114.291729983,2324
2021-06-24 14:28:00,114.290538772,114.296693362,114.290538772,114.296693362,5248
2021-06-24 14:27:00,114.291729983,114.296693362,114.286766604,114.291729983,3387
2021-06-24 14:26:00,114.291729983,114.296693362,114.286766604,114.296693362,17804
2021-06-24 14:25:00,114.291729983,114.296693362,114.286766604,114.291729983,12610
2021-06-24 14:24:00,114.291729983,114.291729983,114.291729983,114.291729983,1139
2021-06-24 14:23:00,114.295700686,114.296693362,114.286766604,114.286766604,1360
2021-06-24 14:22:00,114.289843899,114.291729983,114.288652688,114.288652688,1529
2021-06-24 14:21:00,114.291729983,114.291729983,114.286766604,114.286766604,8719
2021-06-24 14:20:00,114.291729983,114.296693362,114.288255618,114.291829251,4518
2021-06-24 14:19:00,114.291729983,114.291729983,114.291729983,114.291729983,3930
2021-06-24 14:18:00,114.306520853,114.306520853,114.286766604,114.286766604,2136
2021-06-24 14:17:00,114.301656741,114.301656741,114.296693362,114.298182376,7289
2021-06-24 14:16:00,114.296693362,114.30662012,114.296693362,114.296693362,80580
2021-06-24 14:15:00,114.296693362,114.304336966,114.296693362,114.296693362,6829
2021-06-24 14:14:00,114.301656741,114.304436233,114.296693362,114.298678714,3187
2021-06-24 14:13:00,114.30662012,114.313271048,114.301656741,114.30662012,54435
2021-06-24 14:12:00,114.298182376,114.30662012,114.296693362,114.30662012,76814
2021-06-24 14:11:00,114.306520853,114.306520853,114.296693362,114.299373587,1197
2021-06-24 14:10:00,114.296693362,114.30662012,114.296693362,114.30662012,57935
2021-06-24 14:09:00,114.281803225,114.296693362,114.281803225,114.296693362,34574
2021-06-24 14:08:00,114.286766604,114.286766604,114.276839846,114.276839846,3209
2021-06-24 14:07:00,114.281803225,114.286667336,114.278428127,114.278428127,4652
2021-06-24 14:05:00,114.276144973,114.286369534,114.276144973,114.286369534,1677
2021-06-24 14:04:00,114.276839846,114.276839846,114.276839846,114.276839846,3911
2021-06-24 14:03:00,114.271876467,114.276839846,114.271876467,114.276839846,533
2021-06-24 14:02:00,114.262743849,114.276839846,114.256986329,114.276740578,1961
2021-06-24 14:01:00,114.261949709,114.266913088,114.261949709,114.266913088,1077
2021-06-24 14:00:00,114.256986329,114.261949709,114.256986329,114.261949709,6585
2021-06-24 13:59:00,114.25202295,114.256986329,114.249441993,114.25202295,4304
2021-06-24 13:58:00,114.25202295,114.256986329,114.25202295,114.256986329,6833
2021-06-24 13:57:00,114.247059571,114.256986329,114.247059571,114.256986329,1804
2021-06-24 13:55:00,114.237529884,114.247059571,114.237529884,114.242096192,1563
2021-06-24 13:54:00,114.25202295,114.25202295,114.239018897,114.239018897,10736
2021-06-24 13:53:00,114.247059571,114.247059571,114.246960304,114.247059571,2014
2021-06-24 13:52:00,114.247059571,114.247059571,114.237132813,114.246960304,29872
2021-06-24 13:51:00,114.238621827,114.238621827,114.237132813,114.237132813,3532
2021-06-24 13:50:00,114.243585206,114.243585206,114.237132813,114.237132813,11012
2021-06-24 13:49:00,114.237132813,114.244478614,114.237132813,114.244478614,11676
2021-06-24 13:48:00,114.217279297,114.237132813,114.217279297,114.237033546,7783
2021-06-24 13:47:00,114.222242676,114.227206055,114.217279297,114.217279297,1119
2021-06-24 13:46:00,114.217279297,114.222242676,114.217279297,114.217279297,2779
2021-06-24 13:45:00,114.217279297,114.227206055,114.217279297,114.217279297,4919
2021-06-24 13:44:00,114.222242676,114.222242676,114.217378564,114.222242676,3203
2021-06-24 13:43:00,114.217279297,114.222242676,114.217279297,114.222242676,9479
2021-06-24 13:42:00,114.209040088,114.217279297,114.209040088,114.217279297,1451
2021-06-24 13:41:00,114.212315918,114.217279297,114.212315918,114.212315918,1381
2021-06-24 13:40:00,114.212315918,114.217279297,114.210330566,114.217279297,3163
2021-06-24 13:39:00,114.212415185,114.217279297,114.20933789,114.217279297,1470
2021-06-24 13:38:00,114.217279297,114.217279297,114.212315918,114.214301269,10055
2021-06-24 13:37:00,114.221944873,114.222242676,114.221944873,114.222242676,900
2021-06-24 13:36:00,114.217477832,114.227206055,114.217279297,114.221051465,21864
2021-06-24 13:35:00,114.217180029,114.227206055,114.210330566,114.222242676,31721
2021-06-24 13:34:00,114.227206055,114.227206055,114.217279297,114.217279297,95172
2021-06-24 13:33:00,114.217279297,114.225022168,114.217279297,114.225022168,2051
2021-06-24 13:32:00,114.217279297,114.217279297,114.207352539,114.209834228,6970
2021-06-24 13:31:00,114.217279297,114.217279297,114.212315918,114.217279297,2027
2021-06-24 13:30:00,114.227206055,114.228695069,114.217279297,114.217279297,5451
2021-06-24 13:29:00,114.229389942,114.236735743,114.227503858,114.236735743,14952
2021-06-24 13:28:00,114.235246729,114.235643799,114.228198731,114.232169434,6519
2021-06-24 13:27:00,114.237132813,114.237132813,114.232169434,114.232169434,16198
2021-06-24 13:26:00,114.229092139,114.236338673,114.227206055,114.232169434,24535
2021-06-24 13:25:00,114.237132813,114.245669825,114.229389942,114.229389942,11963
2021-06-24 13:24:00,114.237132813,114.237132813,114.237132813,114.237132813,2606
2021-06-24 13:23:00,114.242096192,114.242096192,114.242096192,114.242096192,196
2021-06-24 13:22:00,114.238125489,114.247059571,114.238125489,114.242096192,3648
2021-06-24 13:21:00,114.245272755,114.245272755,114.237132813,114.237132813,657
2021-06-24 13:20:00,114.242096192,114.247059571,114.237132813,114.237132813,7076
2021-06-24 13:19:00,114.237132813,114.242096192,114.237132813,114.237132813,2272
2021-06-24 13:18:00,114.237132813,114.238621827,114.237132813,114.238621827,5420
2021-06-24 13:17:00,114.237132813,114.242096192,114.234353321,114.239813038,4337
2021-06-24 13:16:00,114.237232081,114.242393995,114.237132813,114.237132813,10039
2021-06-24 13:15:00,114.247059571,114.247059571,114.237132813,114.237132813,12384
2021-06-24 13:14:00,114.239018897,114.25202295,114.238324024,114.248548585,16708
2021-06-24 13:13:00,114.242096192,114.247059571,114.242096192,114.247059571,1896
2021-06-24 13:12:00,114.255596583,114.255596583,114.247059571,114.247059571,5345
2021-06-24 13:11:00,114.249243458,114.250136866,114.247059571,114.249243458,2774
2021-06-24 13:10:00,114.250533937,114.254008302,114.247059571,114.254008302,4194
2021-06-24 13:09:00,114.261949709,114.261949709,114.25202295,114.25202295,3560
2021-06-24 13:08:00,114.26681382,114.26681382,114.256986329,114.256986329,6779
2021-06-24 13:07:00,114.271876467,114.271876467,114.256986329,114.256986329,10013
2021-06-24 13:06:00,114.261949709,114.276839846,114.261949709,114.266913088,4268
2021-06-24 13:05:00,114.256986329,114.266913088,114.256986329,114.259170216,6831
2021-06-24 13:04:00,114.247059571,114.247059571,114.247059571,114.247059571,2645
2021-06-24 13:03:00,114.247059571,114.247059571,114.227206055,114.247059571,40470
2021-06-24 13:02:00,114.243088868,114.256986329,114.237132813,114.237132813,58623
2021-06-24 13:01:00,114.232169434,114.245272755,114.232169434,114.237132813,32654
2021-06-24 13:00:00,114.227206055,114.237132813,114.227206055,114.232169434,14163
2021-06-24 12:59:00,114.237132813,114.237132813,114.230481885,114.237132813,11534
2021-06-24 12:58:00,114.240408643,114.240408643,114.232169434,114.232169434,22611
2021-06-24 12:57:00,114.246960304,114.246960304,114.237132813,114.242096192,813
2021-06-24 12:56:00,114.247059571,114.247059571,114.242096192,114.242096192,28750
2021-06-24 12:55:00,114.237132813,114.242791065,114.232169434,114.242096192,20398
2021-06-24 12:54:00,114.228695069,114.237132813,114.227305323,114.237132813,17152
2021-06-24 12:53:00,114.237132813,114.237132813,114.228695069,114.228695069,658
2021-06-24 12:52:00,114.222242676,114.237132813,114.218867578,114.232169434,16408
2021-06-24 12:51:00,114.217279297,114.227206055,114.217279297,114.227206055,23728
2021-06-24 12:50:00,114.217279297,114.227206055,114.217279297,114.222242676,6266
2021-06-24 12:49:00,114.227206055,114.227206055,114.222242676,114.222242676,3055
2021-06-24 12:48:00,114.227206055,114.227206055,114.222242676,114.227206055,2980
2021-06-24 12:47:00,114.232169434,114.232169434,114.227206055,114.228695069,5442
2021-06-24 12:46:00,114.25202295,114.256986329,114.237132813,114.237132813,9393
2021-06-24 12:45:00,114.256986329,114.256986329,114.247059571,114.256291456,1681
2021-06-24 12:44:00,114.261949709,114.266913088,114.256986329,114.256986329,8244
2021-06-24 12:43:00,114.267012355,114.267012355,114.266913088,114.266913088,10055
2021-06-24 12:42:00,114.276839846,114.276839846,114.266913088,114.271876467,18704
2021-06-24 12:41:00,114.271876467,114.276839846,114.271876467,114.276839846,1507
2021-06-24 12:40:00,114.275350832,114.276839846,114.269096974,114.271876467,16057
2021-06-24 12:39:00,114.266913088,114.276839846,114.266913088,114.271876467,9525
2021-06-24 12:38:00,114.266913088,114.266913088,114.257979005,114.257979005,294
2021-06-24 12:37:00,114.2610563,114.266913088,114.2610563,114.262942384,2896
2021-06-24 12:36:00,114.2610563,114.266913088,114.2610563,114.266913088,1678
2021-06-24 12:35:00,114.261949709,114.261949709,114.2610563,114.2610563,760
2021-06-24 12:34:00,114.256986329,114.258475343,114.248945655,114.258475343,3950
2021-06-24 12:33:00,114.256986329,114.256986329,114.249243458,114.25202295,4569
2021-06-24 12:32:00,114.256986329,114.265424074,114.256986329,114.256986329,1856
2021-06-24 12:31:00,114.261949709,114.261949709,114.261949709,114.261949709,167
2021-06-24 12:30:00,114.257085597,114.266913088,114.257085597,114.26026216,1710
2021-06-24 12:29:00,114.266913088,114.266913088,114.256986329,114.266913088,40661
2021-06-24 12:28:00,114.261949709,114.266913088,114.256986329,114.261949709,5629
2021-06-24 12:27:00,114.261949709,114.266913088,114.259170216,114.266913088,2277
2021-06-24 12:26:00,114.261949709,114.261949709,114.256986329,114.261949709,813
2021-06-24 12:25:00,114.256986329,114.266913088,114.256986329,114.261949709,5380
2021-06-24 12:24:00,114.261949709,114.266913088,114.258475343,114.265225539,3747
2021-06-24 12:23:00,114.256986329,114.266913088,114.256986329,114.261949709,9758
2021-06-24 12:22:00,114.25202295,114.256986329,114.25202295,114.256986329,14424
2021-06-24 12:21:00,114.25202295,114.256986329,114.25202295,114.256986329,4213
2021-06-24 12:20:00,114.256986329,114.256986329,114.248548585,114.248548585,1675
2021-06-24 12:19:00,114.248945655,114.255497316,114.247059571,114.25202295,1662
2021-06-24 12:18:00,114.256986329,114.256986329,114.252221486,114.256986329,3665
2021-06-24 12:17:00,114.249243458,114.256986329,114.247158839,114.256986329,4548
2021-06-24 12:16:00,114.246960304,114.25202295,114.239217432,114.248052247,10024
2021-06-24 12:15:00,114.236140137,114.247059571,114.232169434,114.247059571,5570
2021-06-24 12:14:00,114.227206055,114.237132813,114.227206055,114.232169434,663
2021-06-24 12:13:00,114.232467237,114.232467237,114.232169434,114.232169434,1640
2021-06-24 12:12:00,114.228695069,114.237033546,114.228695069,114.237033546,766
2021-06-24 12:11:00,114.233856983,114.237132813,114.227305323,114.227305323,4444
2021-06-24 12:10:00,114.232169434,114.237033546,114.231573829,114.231573829,2859
2021-06-24 12:09:00,114.227305323,114.237132813,114.227305323,114.229389942,3113
2021-06-24 12:08:00,114.242096192,114.247059571,114.227702393,114.232169434,11828
2021-06-24 12:07:00,114.236636475,114.237132813,114.227305323,114.237132813,14065
2021-06-24 12:06:00,114.237132813,114.237132813,114.232169434,114.237132813,1356
2021-06-24 12:05:00,114.237132813,114.242096192,114.232169434,114.237033546,22735
2021-06-24 12:04:00,114.242791065,114.245173487,114.237629151,114.237629151,2591
2021-06-24 12:03:00,114.234948926,114.247059571,114.234948926,114.247059571,21008
2021-06-24 12:02:00,114.237132813,114.237132813,114.228695069,114.237132813,16419
2021-06-24 12:01:00,114.236140137,114.237132813,114.228992871,114.237132813,1424
2021-06-24 12:00:00,114.232169434,114.237132813,114.227206055,114.227206055,1283
2021-06-24 11:59:00,114.23316211,114.237132813,114.229687745,114.237132813,3470
2021-06-24 11:58:00,114.237132813,114.237132813,114.227305323,114.227305323,7769
2021-06-24 11:57:00,114.247059571,114.247059571,114.247059571,114.247059571,608
2021-06-24 11:56:00,114.237132813,114.237132813,114.237132813,114.237132813,4805
2021-06-24 11:55:00,114.231772364,114.237132813,114.228695069,114.237132813,1574
2021-06-24 11:54:00,114.237132813,114.237132813,114.232169434,114.237132813,1215
2021-06-24 11:53:00,114.227206055,114.237132813,114.227206055,114.23355918,2563
2021-06-24 11:52:00,114.237132813,114.237132813,114.237132813,114.237132813,290
2021-06-24 11:51:00,114.227206055,114.237132813,114.227206055,114.232169434,4622
2021-06-24 11:49:00,114.222242676,114.222242676,114.222242676,114.222242676,373
2021-06-24 11:48:00,114.222242676,114.224228028,114.217279297,114.218073438,13101
2021-06-24 11:47:00,114.227206055,114.227206055,114.222242676,114.227206055,2694
2021-06-24 11:46:00,114.227206055,114.227206055,114.217378564,114.222242676,5581
2021-06-24 11:45:00,114.227206055,114.23276504,114.227206055,114.227206055,2479
2021-06-24 11:44:00,114.218768311,114.227206055,114.218768311,114.227206055,32859
2021-06-24 11:43:00,114.217279297,114.225220703,114.217279297,114.217378564,3924
2021-06-24 11:42:00,114.222242676,114.224029492,114.218768311,114.218768311,4589
2021-06-24 11:41:00,114.218768311,114.227206055,114.217279297,114.227206055,2498
2021-06-24 11:40:00,114.222242676,114.222242676,114.217279297,114.222242676,1199
2021-06-24 11:39:00,114.219264649,114.219264649,114.217279297,114.218867578,2618
2021-06-24 11:38:00,114.227206055,114.227206055,114.217279297,114.217378564,12490
2021-06-24 11:37:00,114.232169434,114.237132813,114.227206055,114.227206055,13615
2021-06-24 11:36:00,114.232169434,114.237132813,114.227206055,114.237132813,3750
2021-06-24 11:35:00,114.227206055,114.232169434,114.227206055,114.232169434,852
2021-06-24 11:34:00,114.227206055,114.232169434,114.227206055,114.232169434,19139
2021-06-24 11:33:00,114.227206055,114.237132813,114.227206055,114.232169434,1501
2021-06-24 11:32:00,114.227206055,114.237132813,114.227206055,114.232169434,3479
2021-06-24 11:31:00,114.225121436,114.227206055,114.222242676,114.222242676,6727
2021-06-24 11:30:00,114.226213379,114.227206055,114.219463184,114.227206055,4446
2021-06-24 11:29:00,114.207352539,114.217279297,114.20238916,114.217279297,36931
2021-06-24 11:28:00,114.207352539,114.217279297,114.207352539,114.207352539,12544
2021-06-24 11:27:00,114.218768311,114.222242676,114.207352539,114.207352539,6576
2021-06-24 11:26:00,114.217279297,114.224228028,114.217279297,114.217279297,7792
2021-06-24 11:25:00,114.217279297,114.221944873,114.217279297,114.217279297,11871
2021-06-24 11:24:00,114.217279297,114.227106787,114.217279297,114.217279297,7649
2021-06-24 11:23:00,114.233658448,114.233658448,114.217279297,114.217279297,30848
2021-06-24 11:22:00,114.227206055,114.237132813,114.227206055,114.235643799,7326
2021-06-24 11:21:00,114.227206055,114.235445264,114.227206055,114.227206055,10949
2021-06-24 11:20:00,114.237132813,114.237132813,114.227206055,114.227206055,55316
2021-06-24 11:19:00,114.25202295,114.254306105,114.237132813,114.237132813,39605
2021-06-24 11:18:00,114.25202295,114.25202295,114.247059571,114.247059571,2644
2021-06-24 11:17:00,114.248548585,114.25202295,114.247059571,114.247059571,14965
2021-06-24 11:16:00,114.247456642,114.256887062,114.247059571,114.247059571,45245
2021-06-24 11:15:00,114.247059571,114.252320753,114.247059571,114.247158839,996
2021-06-24 11:14:00,114.250335402,114.256887062,114.250335402,114.25202295,676
2021-06-24 11:13:00,114.247059571,114.25202295,114.247059571,114.25202295,689
2021-06-24 11:12:00,114.256986329,114.256986329,114.247059571,114.247158839,22648
2021-06-24 11:11:00,114.261949709,114.264927736,114.261949709,114.261949709,1553
2021-06-24 11:10:00,114.266913088,114.266913088,114.256986329,114.261949709,1666
2021-06-24 11:09:00,114.258276808,114.261949709,114.256986329,114.256986329,1540
2021-06-24 11:08:00,114.261949709,114.266913088,114.256986329,114.256986329,4133
2021-06-24 11:07:00,114.265920412,114.266913088,114.256986329,114.262148244,10455
2021-06-24 11:06:00,114.257879738,114.259468019,114.257879738,114.259468019,771
2021-06-24 11:05:00,114.260758498,114.264927736,114.256986329,114.256986329,974
2021-06-24 11:03:00,114.261949709,114.266913088,114.256986329,114.266913088,5720
2021-06-24 11:02:00,114.266913088,114.266913088,114.256986329,114.261949709,3698
2021-06-24 11:01:00,114.261949709,114.266913088,114.256986329,114.266913088,4147
2021-06-24 11:00:00,114.261949709,114.266913088,114.261155568,114.266913088,21093
2021-06-24 10:59:00,114.256986329,114.266913088,114.256986329,114.266913088,774
2021-06-24 10:58:00,114.256986329,114.261949709,114.256986329,114.261949709,4665
2021-06-24 10:57:00,114.261949709,114.264828468,114.256986329,114.264729201,3265
2021-06-24 10:56:00,114.262942384,114.266913088,114.256986329,114.266913088,14497
2021-06-24 10:55:00,114.261949709,114.266913088,114.261949709,114.261949709,46113
2021-06-24 10:54:00,114.271876467,114.27584717,114.266913088,114.266913088,13405
2021-06-24 10:53:00,114.276839846,114.27832886,114.271876467,114.271876467,44755
2021-06-24 10:52:00,114.276839846,114.276839846,114.276839846,114.276839846,7400
2021-06-24 10:51:00,114.27952007,114.286369534,114.27952007,114.281803225,5144
2021-06-24 10:50:00,114.271876467,114.276839846,114.266913088,114.276839846,211696
2021-06-24 10:49:00,114.295105081,114.295105081,114.271876467,114.271876467,277273
2021-06-24 10:48:00,114.291729983,114.291729983,114.286766604,114.290935842,3187
2021-06-24 10:47:00,114.286766604,114.288950491,114.286766604,114.286766604,9678
2021-06-24 10:46:00,114.295303616,114.296693362,114.288255618,114.296693362,17520
2021-06-24 10:45:00,114.286865872,114.296693362,114.286865872,114.291729983,2845
2021-06-24 10:44:00,114.296693362,114.296693362,114.286766604,114.286766604,202946
2021-06-24 10:43:00,114.286766604,114.286766604,114.280810549,114.286766604,1452
2021-06-24 10:42:00,114.276839846,114.281207619,114.271876467,114.276939113,4446
2021-06-24 10:41:00,114.248548585,114.266913088,114.248548585,114.266913088,10795
2021-06-24 10:40:00,114.250335402,114.256986329,114.250335402,114.25202295,25221
2021-06-24 10:39:00,114.25202295,114.256986329,114.247059571,114.256986329,18508
2021-06-24 10:38:00,114.256986329,114.256986329,114.248052247,114.256986329,3412
2021-06-24 10:37:00,114.256986329,114.256986329,114.249243458,114.249243458,1090
2021-06-24 10:35:00,114.256986329,114.256986329,114.256986329,114.256986329,30436
2021-06-24 10:34:00,114.255000978,114.256986329,114.25202295,114.25450464,7059
2021-06-24 10:33:00,114.256986329,114.256986329,114.25202295,114.256092921,4318
2021-06-24 10:32:00,114.261949709,114.266913088,114.25202295,114.256390724,11847
2021-06-24 10:31:00,114.242096192,114.266913088,114.242096192,114.257085597,11988
2021-06-24 10:30:00,114.247059571,114.247059571,114.237132813,114.247059571,4093
2021-06-24 10:29:00,114.254802443,114.254802443,114.247059571,114.247059571,3299
2021-06-24 10:28:00,114.25202295,114.256887062,114.247555909,114.25202295,1115
2021-06-24 10:27:00,114.25202295,114.256986329,114.248548585,114.256986329,5847
2021-06-24 10:26:00,114.256986329,114.256986329,114.248846388,114.25202295,7801
2021-06-24 10:25:00,114.256986329,114.261949709,114.256986329,114.261949709,607
2021-06-24 10:24:00,114.254008302,114.257085597,114.254008302,114.257085597,8123
2021-06-24 10:23:00,114.25202295,114.256986329,114.247059571,114.25202295,8290
2021-06-24 10:22:00,114.253710499,114.253710499,114.25202295,114.25202295,821
2021-06-24 10:21:00,114.25202295,114.25202295,114.247059571,114.247059571,1612
2021-06-24 10:20:00,114.255993654,114.256887062,114.247059571,114.247158839,3305
2021-06-24 10:19:00,114.247059571,114.256986329,114.247059571,114.247059571,7113
2021-06-24 10:18:00,114.25202295,114.256986329,114.25202295,114.256887062,5986
2021-06-24 10:17:00,114.25202295,114.253710499,114.25202295,114.253710499,421
2021-06-24 10:16:00,114.247059571,114.256986329,114.247059571,114.256986329,7120
2021-06-24 10:15:00,114.256986329,114.261949709,114.247059571,114.25202295,4953
2021-06-24 10:14:00,114.256986329,114.266913088,114.256986329,114.259070949,3597
2021-06-24 10:13:00,114.275946438,114.276442775,114.256986329,114.256986329,17152
2021-06-24 10:12:00,114.276839846,114.276839846,114.266913088,114.271876467,16172
2021-06-24 10:11:00,114.286766604,114.286766604,114.266913088,114.276839846,16102
2021-06-24 10:10:00,114.281803225,114.286766604,114.276939113,114.286766604,1717
2021-06-24 10:09:00,114.305329642,114.305329642,114.286766604,114.286766604,17683
2021-06-24 10:08:00,114.30662012,114.30662012,114.296693362,114.30662012,11926
2021-06-24 10:07:00,114.296693362,114.30662012,114.296693362,114.30662012,7146
2021-06-24 10:06:00,114.301656741,114.306123782,114.296693362,114.306123782,28119
2021-06-24 10:05:00,114.306520853,114.306520853,114.298281643,114.298281643,7730
2021-06-24 10:04:00,114.296693362,114.29967139,114.296693362,114.296693362,74281
2021-06-24 10:03:00,114.305627444,114.30662012,114.296693362,114.296693362,15265
2021-06-24 10:02:00,114.301656741,114.30662012,114.296693362,114.296693362,29246
2021-06-24 10:01:00,114.301656741,114.306421585,114.296693362,114.301656741,191208
2021-06-24 10:00:00,114.30662012,114.30662012,114.298877249,114.298877249,2506
2021-06-24 09:59:00,114.30662012,114.30662012,114.30046553,114.30662012,18549
2021-06-24 09:58:00,114.296693362,114.30662012,114.296693362,114.301656741,5371
2021-06-24 09:57:00,114.291729983,114.296693362,114.291729983,114.296693362,4560
2021-06-24 09:56:00,114.290538772,114.296693362,114.290538772,114.296693362,15849
2021-06-24 09:55:00,114.291729983,114.296693362,114.286766604,114.296197024,7860
2021-06-24 09:54:00,114.301656741,114.30662012,114.286766604,114.286766604,8058
2021-06-24 09:53:00,114.30662012,114.30662012,114.296693362,114.296693362,3661
2021-06-24 09:52:00,114.30662012,114.30662012,114.30622305,114.30622305,323
2021-06-24 09:51:00,114.296693362,114.301656741,114.296693362,114.301656741,1053
2021-06-24 09:50:00,114.30662012,114.30662012,114.296693362,114.301656741,11464
2021-06-24 09:49:00,114.301656741,114.301656741,114.296693362,114.301656741,12969
2021-06-24 09:48:00,114.30662012,114.30662012,114.30662012,114.30662012,5056
2021-06-24 09:47:00,114.301656741,114.30662012,114.291729983,114.296693362,69693
2021-06-24 09:46:00,114.296693362,114.304833304,114.286766604,114.304833304,266563
2021-06-24 09:45:00,114.296693362,114.301656741,114.291729983,114.296594095,20773
2021-06-24 09:44:00,114.304138431,114.30662012,114.296693362,114.296693362,21169
2021-06-24 09:43:00,114.30662012,114.326473637,114.296693362,114.298579446,386475
2021-06-24 09:42:00,114.30662012,114.30662012,114.301656741,114.30662012,4247
2021-06-24 09:41:00,114.301656741,114.30662012,114.298579446,114.30662012,6884
2021-06-24 09:40:00,114.30662012,114.30662012,114.301656741,114.30662012,11273
2021-06-24 09:39:00,114.30662012,114.30662012,114.298777981,114.30662012,5555
2021-06-24 09:38:00,114.301656741,114.30662012,114.301656741,114.30662012,152160
2021-06-24 09:37:00,114.29679263,114.30662012,114.29679263,114.30662012,786
2021-06-24 09:36:00,114.294608743,114.30662012,114.294608743,114.296693362,20951
2021-06-24 09:35:00,114.286766604,114.296693362,114.276839846,114.296693362,8518
2021-06-24 09:34:00,114.286766604,114.286766604,114.276839846,114.276839846,11862
2021-06-24 09:33:00,114.296693362,114.30662012,114.276839846,114.276839846,47995
2021-06-24 09:32:00,114.250335402,114.30949888,114.250335402,114.30949888,31916
2021-06-24 09:31:00,114.256986329,114.256986329,114.237232081,114.247059571,159058
2021-06-23 16:00:00,114.197425781,114.207352539,114.187499022,114.207352539,139147
2021-06-23 15:59:00,114.187499022,114.197425781,114.177770799,114.187499022,83582
2021-06-23 15:58:00,114.187499022,114.187499022,114.177671532,114.187499022,36558
2021-06-23 15:57:00,114.177572264,114.187499022,114.177572264,114.182535643,45570
2021-06-23 15:56:00,114.177572264,114.184520995,114.177572264,114.182535643,29728
2021-06-23 15:55:00,114.182535643,114.186506347,114.177572264,114.177572264,29663
2021-06-23 15:54:00,114.182535643,114.187499022,114.177572264,114.182535643,25548
2021-06-23 15:53:00,114.182535643,114.187499022,114.177572264,114.182535643,24187
2021-06-23 15:52:00,114.182535643,114.187499022,114.177671532,114.182535643,21151
2021-06-23 15:51:00,114.177572264,114.187499022,114.177572264,114.187499022,23711
2021-06-23 15:50:00,114.177572264,114.187499022,114.177572264,114.182535643,14899
2021-06-23 15:49:00,114.182535643,114.182535643,114.177572264,114.177572264,10873
2021-06-23 15:48:00,114.187499022,114.195936767,114.177572264,114.186506347,17873
2021-06-23 15:47:00,114.187499022,114.192462401,114.187499022,114.187499022,9655
2021-06-23 15:46:00,114.192462401,114.197425781,114.187499022,114.187499022,63642
2021-06-23 15:45:00,114.182535643,114.192462401,114.181542968,114.192462401,64220
2021-06-23 15:44:00,114.182535643,114.187499022,114.177671532,114.182535643,22168
2021-06-23 15:43:00,114.182535643,114.187499022,114.177572264,114.182535643,14590
2021-06-23 15:42:00,114.182535643,114.187499022,114.179061278,114.182535643,14573
2021-06-23 15:41:00,114.182535643,114.187499022,114.178763475,114.178763475,23361
2021-06-23 15:40:00,114.182535643,114.187499022,114.180550292,114.182535643,6111
2021-06-23 15:39:00,114.177572264,114.182535643,114.177572264,114.182535643,2959
2021-06-23 15:38:00,114.182535643,114.187499022,114.177572264,114.181940038,7066
2021-06-23 15:37:00,114.187499022,114.187499022,114.177572264,114.182535643,5158
2021-06-23 15:36:00,114.192462401,114.197425781,114.177572264,114.182535643,38470
2021-06-23 15:35:00,114.193554345,114.193554345,114.187499022,114.188789501,5163
2021-06-23 15:34:00,114.188392431,114.197425781,114.187499022,114.192363134,26254
2021-06-23 15:33:00,114.192462401,114.195936767,114.187499022,114.18759829,9036
2021-06-23 15:32:00,114.195241894,114.195241894,114.187499022,114.187499022,1108
2021-06-23 15:31:00,114.192462401,114.197326513,114.187499022,114.196433105,8417
2021-06-23 15:30:00,114.191866796,114.197425781,114.187499022,114.192462401,6163
2021-06-23 15:29:00,114.187697558,114.192462401,114.187499022,114.192462401,21902
2021-06-23 15:28:00,114.189682909,114.197425781,114.187499022,114.19047705,4138
2021-06-23 15:27:00,114.20645913,114.207352539,114.192462401,114.197425781,161143
2021-06-23 15:26:00,114.20238916,114.207352539,114.197425781,114.207054736,212681
2021-06-23 15:25:00,114.187499022,114.207352539,114.187499022,114.198914794,25188
2021-06-23 15:24:00,114.197425781,114.197425781,114.194447753,114.197425781,1213
2021-06-23 15:23:00,114.187499022,114.197425781,114.187499022,114.192462401,4544
2021-06-23 15:22:00,114.179756151,114.187499022,114.179756151,114.183627587,977
2021-06-23 15:21:00,114.177572264,114.182535643,114.172608885,114.179160546,7587
2021-06-23 15:20:00,114.172608885,114.177572264,114.167645506,114.172608885,3270
2021-06-23 15:19:00,114.171516942,114.177572264,114.169333055,114.169333055,2099
2021-06-23 15:18:00,114.177572264,114.177572264,114.167645506,114.172608885,6015
2021-06-23 15:17:00,114.167645506,114.177472997,114.167645506,114.167645506,18060
2021-06-23 15:16:00,114.164667479,114.172608885,114.160696775,114.172608885,14815
2021-06-23 15:15:00,114.172608885,114.172608885,114.162682127,114.162682127,8629
2021-06-23 15:14:00,114.177572264,114.177572264,114.172608885,114.176579588,8275
2021-06-23 15:13:00,114.182535643,114.187399755,114.177572264,114.182535643,29731
2021-06-23 15:12:00,114.182535643,114.187499022,114.177572264,114.177572264,14495
2021-06-23 15:11:00,114.193455077,114.195638964,114.177572264,114.179458348,88968
2021-06-23 15:10:00,114.197425781,114.197425781,114.18759829,114.197425781,7177
2021-06-23 15:09:00,114.195241894,114.195241894,114.187499022,114.187499022,23950
2021-06-23 15:08:00,114.187499022,114.195936767,114.187499022,114.188988036,2369
2021-06-23 15:07:00,114.190973388,114.197425781,114.190973388,114.195837499,1811
2021-06-23 15:06:00,114.195936767,114.197227245,114.189087304,114.189087304,6954
2021-06-23 15:05:00,114.206359863,114.206359863,114.189186571,114.195837499,2512
2021-06-23 15:04:00,114.198418456,114.207352539,114.197425781,114.20030454,4978
2021-06-23 15:03:00,114.207352539,114.207352539,114.197425781,114.20238916,7987
2021-06-23 15:02:00,114.207352539,114.21509541,114.207352539,114.207352539,5165
2021-06-23 15:01:00,114.208345215,114.217180029,114.208345215,114.212315918,4050
2021-06-23 15:00:00,114.1995104,114.208345215,114.1995104,114.208345215,1524
2021-06-23 14:59:00,114.197425781,114.207352539,114.197227245,114.20238916,6193
2021-06-23 14:58:00,114.197425781,114.197425781,114.192462401,114.192462401,1556
2021-06-23 14:57:00,114.192462401,114.195936767,114.18799536,114.18799536,1557
2021-06-23 14:56:00,114.195738232,114.197326513,114.195738232,114.197326513,686
2021-06-23 14:55:00,114.197425781,114.197425781,114.192462401,114.192462401,1147
2021-06-23 14:54:00,114.20238916,114.205863525,114.187499022,114.197425781,54317
2021-06-23 14:53:00,114.20238916,114.207352539,114.199609667,114.207352539,2120
2021-06-23 14:52:00,114.201197949,114.206359863,114.199609667,114.20238916,2948
2021-06-23 14:51:00,114.207352539,114.207352539,114.207352539,114.207352539,889
2021-06-23 14:50:00,114.20238916,114.207352539,114.20238916,114.207352539,2179
2021-06-23 14:49:00,114.212315918,114.212315918,114.197425781,114.197425781,4259
2021-06-23 14:48:00,114.212315918,114.217279297,114.207352539,114.216088086,7686
2021-06-23 14:47:00,114.207352539,114.212315918,114.207352539,114.212315918,3562
2021-06-23 14:46:00,114.207352539,114.212315918,114.207352539,114.207352539,1424
2021-06-23 14:45:00,114.212315918,114.213507129,114.207352539,114.207352539,1450
2021-06-23 14:44:00,114.212315918,114.215691016,114.207352539,114.215691016,1837
2021-06-23 14:43:00,114.207352539,114.214301269,114.207352539,114.212315918,7988
2021-06-23 14:42:00,114.217279297,114.217279297,114.207352539,114.207352539,1809
2021-06-23 14:41:00,114.207352539,114.215194678,114.20238916,114.21509541,4243
2021-06-23 14:40:00,114.207253271,114.207352539,114.20238916,114.207352539,21715
2021-06-23 14:39:00,114.212315918,114.212315918,114.197525048,114.197525048,17784
2021-06-23 14:38:00,114.20238916,114.212315918,114.20238916,114.212315918,150697
2021-06-23 14:37:00,114.215194678,114.215194678,114.207352539,114.207352539,61036
2021-06-23 14:36:00,114.217279297,114.217279297,114.208841552,114.208841552,12964
2021-06-23 14:35:00,114.209536426,114.217279297,114.209536426,114.217279297,1227
2021-06-23 14:34:00,114.212315918,114.217279297,114.208345215,114.214301269,14574
2021-06-23 14:33:00,114.212315918,114.217279297,114.207352539,114.212315918,5884
2021-06-23 14:32:00,114.212315918,114.217279297,114.207352539,114.217279297,3800
2021-06-23 14:31:00,114.21509541,114.217279297,114.208047412,114.217279297,4140
2021-06-23 14:30:00,114.212315918,114.217279297,114.207352539,114.212315918,125024
2021-06-23 14:29:00,114.212315918,114.212315918,114.208841552,114.208841552,843
2021-06-23 14:28:00,114.218768311,114.218768311,114.207352539,114.207551074,7941
2021-06-23 14:27:00,114.217378564,114.225419239,114.217279297,114.217279297,3322
2021-06-23 14:26:00,114.207352539,114.217378564,114.207352539,114.217378564,21321
2021-06-23 14:25:00,114.209536426,114.217279297,114.207352539,114.217279297,1664
2021-06-23 14:24:00,114.210926172,114.212315918,114.210926172,114.212315918,10651
2021-06-23 14:23:00,114.212315918,114.217279297,114.207352539,114.207352539,6099
2021-06-23 14:22:00,114.207352539,114.217279297,114.207352539,114.217279297,5230
2021-06-23 14:21:00,114.20238916,114.207352539,114.197425781,114.207352539,2554
2021-06-23 14:20:00,114.193058007,114.197425781,114.187499022,114.197425781,6214
2021-06-23 14:19:00,114.188392431,114.197425781,114.187499022,114.193455077,3931
2021-06-23 14:18:00,114.20238916,114.20238916,114.192462401,114.192462401,3591
2021-06-23 14:17:00,114.197425781,114.207054736,114.197425781,114.207054736,13015
2021-06-23 14:16:00,114.20238916,114.20238916,114.197425781,114.197723583,1152
2021-06-23 14:15:00,114.20238916,114.205168652,114.197425781,114.200503076,4275
2021-06-23 14:14:00,114.197425781,114.206359863,114.192462401,114.192462401,30437
2021-06-23 14:13:00,114.20238916,114.206359863,114.197425781,114.197425781,9436
2021-06-23 14:12:00,114.205863525,114.205863525,114.198418456,114.20238916,4745
2021-06-23 14:11:00,114.205863525,114.206359863,114.197525048,114.205863525,18075
2021-06-23 14:10:00,114.20238916,114.206856201,114.197525048,114.204374511,9408
2021-06-23 14:09:00,114.20238916,114.20238916,114.197525048,114.197525048,1193
2021-06-23 14:08:00,114.207253271,114.207352539,114.198914794,114.20238916,2957
2021-06-23 14:07:00,114.212315918,114.216286621,114.198418456,114.20238916,24660
2021-06-23 14:06:00,114.197425781,114.212315918,114.197425781,114.208742285,1902
2021-06-23 14:05:00,114.205863525,114.207352539,114.205863525,114.207352539,801
2021-06-23 14:04:00,114.207352539,114.214003467,114.197425781,114.206161328,6386
2021-06-23 14:03:00,114.207451806,114.213407861,114.207352539,114.207352539,981
2021-06-23 14:02:00,114.20238916,114.207352539,114.20238916,114.207352539,1950
2021-06-23 14:01:00,114.20238916,114.207352539,114.20238916,114.207352539,703
2021-06-23 14:00:00,114.20238916,114.20238916,114.20238916,114.20238916,1062
2021-06-23 13:59:00,114.207154004,114.207154004,114.20238916,114.20238916,1901
2021-06-23 13:58:00,114.212315918,114.215194678,114.207352539,114.207352539,6696
2021-06-23 13:57:00,114.205863525,114.21509541,114.200602343,114.21509541,9985
2021-06-23 13:56:00,114.197425781,114.197425781,114.197425781,114.197425781,221
2021-06-23 13:55:00,114.197525048,114.20238916,114.197525048,114.20238916,9777
2021-06-23 13:54:00,114.20238916,114.207352539,114.197425781,114.197425781,4309
2021-06-23 13:53:00,114.197425781,114.207352539,114.197425781,114.207253271,3886
2021-06-23 13:52:00,114.192462401,114.197425781,114.187499022,114.197425781,7442
2021-06-23 13:51:00,114.197326513,114.197425781,114.19047705,114.197425781,4048
2021-06-23 13:50:00,114.197425781,114.197425781,114.18759829,114.18759829,4107
2021-06-23 13:49:00,114.197425781,114.199411132,114.192462401,114.192462401,5991
2021-06-23 13:48:00,114.206359863,114.207352539,114.199609667,114.199609667,1373
2021-06-23 13:47:00,114.20238916,114.206657666,114.197425781,114.206657666,5767
2021-06-23 13:46:00,114.203481103,114.207352539,114.197425781,114.199609667,38320
2021-06-23 13:45:00,114.205367187,114.207352539,114.200205273,114.20238916,35192
2021-06-23 13:44:00,114.201197949,114.207352539,114.197425781,114.197425781,16840
2021-06-23 13:43:00,114.20238916,114.20238916,114.20238916,114.20238916,409
2021-06-23 13:42:00,114.20238916,114.20238916,114.197425781,114.197425781,602
2021-06-23 13:41:00,114.207253271,114.207253271,114.20238916,114.206359863,3673
2021-06-23 13:40:00,114.20030454,114.20030454,114.20030454,114.20030454,308
2021-06-23 13:39:00,114.20606206,114.207352539,114.20238916,114.20238916,907
2021-06-23 13:38:00,114.207352539,114.207352539,114.199609667,114.207352539,3397
2021-06-23 13:37:00,114.209536426,114.212315918,114.207352539,114.212315918,1030
2021-06-23 13:36:00,114.215889551,114.215889551,114.215889551,114.215889551,739
2021-06-23 13:35:00,114.207352539,114.217279297,114.207352539,114.207352539,3129
2021-06-23 13:34:00,114.212315918,114.212315918,114.204374511,114.204374511,9806
2021-06-23 13:33:00,114.207253271,114.207352539,114.207253271,114.207352539,1244
2021-06-23 13:32:00,114.20238916,114.207352539,114.199113329,114.203282568,2950
2021-06-23 13:31:00,114.201892822,114.207352539,114.197525048,114.207352539,2575
2021-06-23 13:30:00,114.207352539,114.21549248,114.197922118,114.197922118,16526
2021-06-23 13:29:00,114.20238916,114.207352539,114.20238916,114.207352539,714
2021-06-23 13:28:00,114.197425781,114.20238916,114.197425781,114.201495751,27140
2021-06-23 13:27:00,114.197425781,114.20526792,114.197425781,114.200701611,2654
2021-06-23 13:26:00,114.20238916,114.20238916,114.18759829,114.197425781,28265
2021-06-23 13:25:00,114.198914794,114.20238916,114.197425781,114.197425781,4768
2021-06-23 13:24:00,114.206359863,114.207352539,114.197425781,114.207352539,1465
2021-06-23 13:23:00,114.188491698,114.207352539,114.187499022,114.207352539,14786
2021-06-23 13:22:00,114.187499022,114.197425781,114.187499022,114.197425781,900
2021-06-23 13:21:00,114.16913452,114.187499022,114.16913452,114.187499022,3960
2021-06-23 13:20:00,114.172608885,114.177572264,114.16953159,114.177572264,1053
2021-06-23 13:19:00,114.172608885,114.175388377,114.172608885,114.175388377,863
2021-06-23 13:18:00,114.185513671,114.186010009,114.170226463,114.170226463,14260
2021-06-23 13:17:00,114.177572264,114.185414403,114.173800096,114.185414403,2563
2021-06-23 13:16:00,114.163972606,114.167645506,114.162682127,114.167645506,2913
2021-06-23 13:15:00,114.157718748,114.167645506,114.157718748,114.166950633,3430
2021-06-23 13:14:00,114.15106782,114.157718748,114.14779199,114.152755369,2850
2021-06-23 13:13:00,114.157718748,114.157718748,114.147891257,114.152755369,7393
2021-06-23 13:12:00,114.168836717,114.169829393,114.157718748,114.157718748,7170
2021-06-23 13:11:00,114.177572264,114.177572264,114.177572264,114.177572264,479
2021-06-23 13:10:00,114.177572264,114.177572264,114.16913452,114.16913452,1472
2021-06-23 13:09:00,114.177572264,114.177572264,114.167744774,114.172608885,5938
2021-06-23 13:08:00,114.182535643,114.187499022,114.177572264,114.177572264,7677
2021-06-23 13:07:00,114.177572264,114.177572264,114.177572264,114.177572264,5125
2021-06-23 13:06:00,114.195936767,114.195936767,114.182535643,114.182535643,769
2021-06-23 13:05:00,114.182535643,114.195241894,114.182535643,114.195241894,1339
2021-06-23 13:04:00,114.177572264,114.182535643,114.177572264,114.177572264,13866
2021-06-23 13:03:00,114.167645506,114.177572264,114.167645506,114.177572264,2972
2021-06-23 13:02:00,114.177572264,114.187499022,114.176579588,114.177572264,3093
2021-06-23 13:01:00,114.177572264,114.187499022,114.167744774,114.187499022,4003
2021-06-23 13:00:00,114.167645506,114.174594237,114.167645506,114.174594237,1510
2021-06-23 12:59:00,114.177572264,114.177572264,114.167645506,114.167645506,2048
2021-06-23 12:58:00,114.183528319,114.183528319,114.183528319,114.183528319,568
2021-06-23 12:57:00,114.187697558,114.192462401,114.172608885,114.177572264,3828
2021-06-23 12:56:00,114.187499022,114.192462401,114.187499022,114.192462401,19441
2021-06-23 12:55:00,114.182535643,114.185017333,114.177572264,114.185017333,4394
2021-06-23 12:54:00,114.182039305,114.187499022,114.179656883,114.179656883,2221
2021-06-23 12:53:00,114.18759829,114.192462401,114.187499022,114.187499022,2233
2021-06-23 12:52:00,114.192462401,114.192462401,114.187796825,114.187796825,8548
2021-06-23 12:51:00,114.192462401,114.197425781,114.19047705,114.192462401,11336
2021-06-23 12:50:00,114.197425781,114.197425781,114.18759829,114.192462401,2274
2021-06-23 12:49:00,114.197425781,114.197425781,114.197425781,114.197425781,1286
2021-06-23 12:48:00,114.187499022,114.192462401,114.187499022,114.187499022,1194
2021-06-23 12:47:00,114.192462401,114.197425781,114.192462401,114.192462401,11309
2021-06-23 12:46:00,114.189682909,114.197425781,114.18759829,114.195043359,2198
2021-06-23 12:45:00,114.182535643,114.192462401,114.177572264,114.187499022,1782
2021-06-23 12:44:00,114.177572264,114.186506347,114.177572264,114.179160546,4631
2021-06-23 12:43:00,114.182535643,114.182535643,114.177572264,114.182535643,3573
2021-06-23 12:42:00,114.182535643,114.187499022,114.178763475,114.187499022,2794
2021-06-23 12:41:00,114.177572264,114.177572264,114.167645506,114.177572264,11132
2021-06-23 12:40:00,114.207352539,114.207352539,114.182535643,114.182535643,3583
2021-06-23 12:39:00,114.192462401,114.197425781,114.192462401,114.197425781,1672
2021-06-23 12:38:00,114.18799536,114.192462401,114.187499022,114.192462401,10154
2021-06-23 12:37:00,114.177572264,114.187499022,114.167645506,114.187499022,17362
2021-06-23 12:36:00,114.182535643,114.184421727,114.172608885,114.172608885,62364
2021-06-23 12:35:00,114.181245165,114.187499022,114.179756151,114.182535643,1365
2021-06-23 12:34:00,114.187499022,114.187499022,114.180550292,114.182535643,472
2021-06-23 12:33:00,114.177572264,114.187499022,114.177572264,114.187499022,902
2021-06-23 12:32:00,114.179557616,114.185315136,114.177572264,114.185315136,3140
2021-06-23 12:31:00,114.18471953,114.18471953,114.177572264,114.182535643,3814
2021-06-23 12:30:00,114.182535643,114.186506347,114.177572264,114.186506347,4670
2021-06-23 12:29:00,114.207253271,114.207253271,114.177572264,114.177572264,10021
2021-06-23 12:28:00,114.20238916,114.20238916,114.20238916,114.20238916,2812
2021-06-23 12:27:00,114.20238916,114.207352539,114.198319189,114.207352539,3564
2021-06-23 12:26:00,114.20238916,114.207253271,114.199113329,114.20238916,5156
2021-06-23 12:25:00,114.200701611,114.20238916,114.199113329,114.199113329,1311
2021-06-23 12:24:00,114.207352539,114.207352539,114.20238916,114.20238916,1679
2021-06-23 12:23:00,114.203679638,114.207352539,114.203679638,114.207352539,1170
2021-06-23 12:22:00,114.200900146,114.207352539,114.197425781,114.207352539,1660
2021-06-23 12:21:00,114.20238916,114.207352539,114.198319189,114.20238916,5295
2021-06-23 12:20:00,114.20238916,114.207352539,114.199609667,114.207352539,3120
2021-06-23 12:19:00,114.207352539,114.207352539,114.200403808,114.20238916,1350
2021-06-23 12:18:00,114.205168652,114.207352539,114.20238916,114.207352539,3003
2021-06-23 12:17:00,114.20238916,114.206359863,114.197425781,114.202885498,23370
2021-06-23 12:16:00,114.201297216,114.201297216,114.197723583,114.197723583,1256
2021-06-23 12:15:00,114.20238916,114.20238916,114.20238916,114.20238916,1219
2021-06-23 12:14:00,114.197425781,114.20645913,114.197425781,114.20645913,24949
2021-06-23 12:13:00,114.196433105,114.197425781,114.187499022,114.187499022,868
2021-06-23 12:12:00,114.197425781,114.197425781,114.192462401,114.192462401,3163
2021-06-23 12:11:00,114.194844823,114.197425781,114.187499022,114.187499022,3881
2021-06-23 12:10:00,114.197425781,114.197425781,114.189385106,114.197425781,2369
2021-06-23 12:09:00,114.197425781,114.206359863,114.187499022,114.192462401,25290
2021-06-23 12:08:00,114.198914794,114.200999414,114.197425781,114.197425781,3201
2021-06-23 12:07:00,114.200999414,114.207352539,114.197425781,114.198021386,1326
2021-06-23 12:06:00,114.200403808,114.206359863,114.200403808,114.202091357,4977
2021-06-23 12:05:00,114.197425781,114.20238916,114.197425781,114.20238916,2249
2021-06-23 12:04:00,114.200999414,114.20238916,114.199311865,114.20238916,1175
2021-06-23 12:03:00,114.200800878,114.207352539,114.200800878,114.207352539,1333
2021-06-23 12:02:00,114.20238916,114.206558398,114.197425781,114.206558398,11541
2021-06-23 12:01:00,114.207352539,114.207352539,114.20238916,114.20238916,412
2021-06-23 12:00:00,114.207352539,114.207352539,114.199609667,114.20238916,822
2021-06-23 11:59:00,114.20238916,114.207352539,114.20238916,114.20238916,1298
2021-06-23 11:57:00,114.207352539,114.21549248,114.197425781,114.204573046,11956
2021-06-23 11:56:00,114.216981494,114.216981494,114.207352539,114.208841552,4978
2021-06-23 11:55:00,114.217279297,114.217279297,114.207352539,114.207352539,799
2021-06-23 11:54:00,114.212812256,114.217279297,114.207352539,114.207352539,80860
2021-06-23 11:53:00,114.212315918,114.212315918,114.212315918,114.212315918,706
2021-06-23 11:51:00,114.222242676,114.222242676,114.210330566,114.210330566,6269
2021-06-23 11:50:00,114.217279297,114.217279297,114.217279297,114.217279297,1866
2021-06-23 11:49:00,114.217279297,114.217279297,114.207352539,114.215988818,58299
2021-06-23 11:48:00,114.217279297,114.217279297,114.207352539,114.217279297,542666
2021-06-23 11:47:00,114.207352539,114.217279297,114.197425781,114.212315918,74507
2021-06-23 11:46:00,114.198914794,114.207352539,114.197425781,114.207352539,37971
2021-06-23 11:45:00,114.197425781,114.207352539,114.197425781,114.205764257,15982
2021-06-23 11:44:00,114.20238916,114.207352539,114.197425781,114.206359863,9145
2021-06-23 11:43:00,114.189682909,114.207352539,114.189682909,114.200403808,16258
2021-06-23 11:42:00,114.19663164,114.197425781,114.192462401,114.197425781,2602
2021-06-23 11:41:00,114.192462401,114.197425781,114.188491698,114.197425781,3539
2021-06-23 11:40:00,114.187499022,114.197425781,114.187499022,114.189980712,13880
2021-06-23 11:39:00,114.182535643,114.186506347,114.177572264,114.186506347,910
2021-06-23 11:38:00,114.192462401,114.197425781,114.177572264,114.187399755,2350
2021-06-23 11:37:00,114.192462401,114.195837499,114.187499022,114.187499022,989
2021-06-23 11:36:00,114.197425781,114.197425781,114.192462401,114.192462401,922
2021-06-23 11:35:00,114.192462401,114.197425781,114.192462401,114.197425781,2835
2021-06-23 11:34:00,114.187499022,114.197425781,114.179756151,114.192462401,5100
2021-06-23 11:33:00,114.187399755,114.187499022,114.182535643,114.182535643,2049
2021-06-23 11:32:00,114.182535643,114.187499022,114.182535643,114.187499022,359
2021-06-23 11:31:00,114.186010009,114.187499022,114.182535643,114.187499022,2565
2021-06-23 11:30:00,114.177572264,114.187499022,114.177572264,114.182535643,6392
2021-06-23 11:29:00,114.182436376,114.187499022,114.1814437,114.187499022,2118
2021-06-23 11:28:00,114.184520995,114.187499022,114.179458348,114.187499022,3749
2021-06-23 11:27:00,114.182535643,114.185315136,114.179061278,114.185315136,876
2021-06-23 11:26:00,114.17856494,114.187499022,114.17856494,114.182535643,2049
2021-06-23 11:25:00,114.177572264,114.177572264,114.167645506,114.177572264,6621
2021-06-23 11:24:00,114.172608885,114.177572264,114.16913452,114.16913452,718
2021-06-23 11:23:00,114.181741503,114.187499022,114.177572264,114.177572264,2285
2021-06-23 11:22:00,114.187499022,114.187499022,114.177572264,114.179061278,62246
2021-06-23 11:21:00,114.197425781,114.197425781,114.187499022,114.187499022,1421
2021-06-23 11:20:00,114.206359863,114.206359863,114.187499022,114.197425781,3081
2021-06-23 11:19:00,114.205863525,114.205863525,114.198319189,114.198319189,1208
2021-06-23 11:18:00,114.198021386,114.206558398,114.197525048,114.206558398,2445
2021-06-23 11:17:00,114.207352539,114.207352539,114.197425781,114.20238916,1092
2021-06-23 11:16:00,114.207253271,114.207253271,114.198120654,114.198120654,5606
2021-06-23 11:15:00,114.212315918,114.212315918,114.20238916,114.207352539,1938
2021-06-23 11:14:00,114.197425781,114.212315918,114.187499022,114.212315918,9643
2021-06-23 11:13:00,114.195738232,114.197326513,114.187499022,114.187499022,2868
2021-06-23 11:12:00,114.192462401,114.197425781,114.191668261,114.194745556,1144
2021-06-23 11:11:00,114.198219921,114.207253271,114.187499022,114.197425781,36229
2021-06-23 11:10:00,114.197425781,114.207253271,114.197425781,114.20238916,11278
2021-06-23 11:09:00,114.212315918,114.212315918,114.207352539,114.207352539,2175
2021-06-23 11:08:00,114.226213379,114.226213379,114.207352539,114.217279297,20846
2021-06-23 11:07:00,114.225717041,114.226014844,114.217775635,114.217775635,4699
2021-06-23 11:06:00,114.227206055,114.227206055,114.217279297,114.227106787,3246
2021-06-23 11:05:00,114.237132813,114.237132813,114.227206055,114.227206055,1704
2021-06-23 11:04:00,114.242096192,114.247059571,114.237132813,114.244875685,13309
2021-06-23 11:03:00,114.237132813,114.242096192,114.237132813,114.239415968,12371
2021-06-23 11:02:00,114.237132813,114.247059571,114.237132813,114.242096192,940
2021-06-23 11:01:00,114.245570558,114.245570558,114.237132813,114.242096192,1217
2021-06-23 11:00:00,114.242096192,114.247059571,114.237132813,114.247059571,26498
2021-06-23 10:59:00,114.247059571,114.247059571,114.2393167,114.2393167,3848
2021-06-23 10:58:00,114.256887062,114.256887062,114.247059571,114.252420021,1874
2021-06-23 10:57:00,114.256986329,114.261949709,114.247158839,114.25202295,2634
2021-06-23 10:56:00,114.266913088,114.266913088,114.256986329,114.261949709,8025
2021-06-23 10:55:00,114.266913088,114.276839846,114.266913088,114.266913088,6852
2021-06-23 10:54:00,114.256986329,114.271876467,114.249243458,114.271876467,4402
2021-06-23 10:53:00,114.271876467,114.276542043,114.261949709,114.261949709,2926
2021-06-23 10:52:00,114.286766604,114.286766604,114.266913088,114.266913088,6942
2021-06-23 10:51:00,114.286766604,114.286766604,114.28527759,114.286766604,384
2021-06-23 10:50:00,114.281803225,114.286766604,114.281803225,114.286766604,4116
2021-06-23 10:49:00,114.286766604,114.286766604,114.286766604,114.286766604,635
2021-06-23 10:48:00,114.294410208,114.294410208,114.276839846,114.276839846,2947
2021-06-23 10:47:00,114.291729983,114.291729983,114.286766604,114.286766604,2548
2021-06-23 10:46:00,114.28527759,114.29470801,114.276939113,114.291729983,5987
2021-06-23 10:45:00,114.276839846,114.286667336,114.276839846,114.286667336,2520
2021-06-23 10:44:00,114.27584717,114.286766604,114.271876467,114.286766604,3595
2021-06-23 10:43:00,114.271876467,114.271876467,114.271677932,114.271677932,398
2021-06-23 10:42:00,114.276839846,114.276839846,114.276839846,114.276839846,295
2021-06-23 10:41:00,114.256986329,114.276839846,114.249144191,114.276839846,4658
2021-06-23 10:40:00,114.250931007,114.25202295,114.250931007,114.25202295,1789
2021-06-23 10:39:00,114.265920412,114.265920412,114.247059571,114.247158839,61437
2021-06-23 10:38:00,114.256986329,114.256986329,114.249243458,114.256986329,1735
2021-06-23 10:37:00,114.242096192,114.256986329,114.242096192,114.256986329,1386
2021-06-23 10:36:00,114.247059571,114.247059571,114.247059571,114.247059571,8581
2021-06-23 10:35:00,114.232169434,114.247059571,114.232169434,114.247059571,9541
2021-06-23 10:34:00,114.232169434,114.232169434,114.229389942,114.229389942,1940
2021-06-23 10:33:00,114.237132813,114.237132813,114.232169434,114.237132813,10332
2021-06-23 10:32:00,114.230779688,114.232169434,114.227206055,114.227206055,9060
2021-06-23 10:31:00,114.227206055,114.235246729,114.227206055,114.235246729,1649
2021-06-23 10:30:00,114.232169434,114.232169434,114.219463184,114.227206055,4248
2021-06-23 10:29:00,114.235445264,114.235445264,114.227206055,114.235048194,1661
2021-06-23 10:28:00,114.229092139,114.237132813,114.229092139,114.232169434,9953
2021-06-23 10:27:00,114.242096192,114.242096192,114.232169434,114.232169434,1954
2021-06-23 10:26:00,114.237132813,114.237132813,114.237132813,114.237132813,1461
2021-06-23 10:25:00,114.247059571,114.247059571,114.237132813,114.237132813,2125
2021-06-23 10:24:00,114.252618556,114.252618556,114.242096192,114.247059571,1257
2021-06-23 10:23:00,114.261949709,114.261949709,114.25202295,114.25202295,1191
2021-06-23 10:22:00,114.266913088,114.27584717,114.261949709,114.266913088,10198
2021-06-23 10:21:00,114.247059571,114.261949709,114.237132813,114.261949709,25195
2021-06-23 10:20:00,114.242096192,114.242096192,114.242096192,114.242096192,362
2021-06-23 10:19:00,114.247059571,114.247059571,114.247059571,114.247059571,169
2021-06-23 10:18:00,114.248052247,114.256986329,114.247059571,114.247059571,5838
2021-06-23 10:16:00,114.25202295,114.25202295,114.25202295,114.25202295,210
2021-06-23 10:15:00,114.237132813,114.25202295,114.237132813,114.247059571,18175
2021-06-23 10:14:00,114.237132813,114.237132813,114.237132813,114.237132813,8869
2021-06-23 10:13:00,114.232169434,114.237132813,114.228099463,114.237132813,15699
2021-06-23 10:12:00,114.237132813,114.237132813,114.237132813,114.237132813,1392
2021-06-23 10:11:00,114.237132813,114.237132813,114.232169434,114.237033546,3390
2021-06-23 10:10:00,114.237132813,114.247059571,114.237132813,114.242096192,11745
2021-06-23 10:09:00,114.237132813,114.242096192,114.237132813,114.242096192,31350
2021-06-23 10:08:00,114.25202295,114.256986329,114.242096192,114.242096192,19374
2021-06-23 10:07:00,114.256986329,114.256986329,114.247059571,114.247059571,6568
2021-06-23 10:06:00,114.237132813,114.25202295,114.237132813,114.25202295,11571
2021-06-23 10:05:00,114.237132813,114.247059571,114.237132813,114.247059571,9513
2021-06-23 10:04:00,114.247059571,114.247059571,114.237132813,114.237132813,70483
2021-06-23 10:03:00,114.247158839,114.256986329,114.247158839,114.256986329,3476
2021-06-23 10:02:00,114.26681382,114.26681382,114.247059571,114.247059571,10245
2021-06-23 10:01:00,114.247059571,114.266714552,114.247059571,114.256986329,10646
2021-06-23 10:00:00,114.237232081,114.247059571,114.237132813,114.247059571,18108
2021-06-23 09:59:00,114.237132813,114.247059571,114.237132813,114.247059571,16201
2021-06-23 09:58:00,114.217279297,114.227206055,114.217279297,114.227206055,20107
2021-06-23 09:57:00,114.217279297,114.217279297,114.212315918,114.212315918,641
2021-06-23 09:56:00,114.198418456,114.207352539,114.198418456,114.207352539,2417
2021-06-23 09:55:00,114.187499022,114.197425781,114.182535643,114.197425781,3894
2021-06-23 09:54:00,114.187499022,114.187499022,114.182535643,114.187499022,1822
2021-06-23 09:53:00,114.177572264,114.182535643,114.177572264,114.177572264,1231
2021-06-23 09:52:00,114.177572264,114.197425781,114.177572264,114.182535643,3922
2021-06-23 09:51:00,114.177572264,114.177572264,114.168638182,114.168638182,1831
2021-06-23 09:50:00,114.170623534,114.187499022,114.170623534,114.187499022,4191
2021-06-23 09:49:00,114.177572264,114.177572264,114.168638182,114.172608885,3306
2021-06-23 09:48:00,114.187499022,114.187499022,114.177572264,114.177572264,10817
2021-06-23 09:47:00,114.207352539,114.207352539,114.187499022,114.192462401,3862
2021-06-23 09:46:00,114.177572264,114.207352539,114.169233787,114.20238916,30020
2021-06-23 09:45:00,114.167645506,114.170524266,114.157718748,114.157718748,1941
2021-06-23 09:44:00,114.177572264,114.177572264,114.167645506,114.167645506,19165
2021-06-23 09:43:00,114.172608885,114.177572264,114.172608885,114.177572264,15609
2021-06-23 09:42:00,114.177572264,114.177572264,114.172608885,114.172608885,1601
2021-06-23 09:41:00,114.157718748,114.167645506,114.157718748,114.167645506,5750
2021-06-23 09:40:00,114.167645506,114.177572264,114.157718748,114.157718748,7890
2021-06-23 09:39:00,114.177572264,114.177572264,114.157718748,114.162682127,16051
2021-06-23 09:38:00,114.177572264,114.187499022,114.177572264,114.186010009,7237
2021-06-23 09:37:00,114.192462401,114.192462401,114.177572264,114.185315136,4449
2021-06-23 09:36:00,114.192462401,114.197425781,114.177572264,114.187499022,11111
2021-06-23 09:35:00,114.187499022,114.197425781,114.187499022,114.187499022,2079
2021-06-23 09:34:00,114.197326513,114.197326513,114.182535643,114.190377782,3816
2021-06-23 09:33:00,114.172608885,114.187499022,114.172608885,114.187499022,1705
2021-06-23 09:32:00,114.187499022,114.187499022,114.172608885,114.172608885,6202
2021-06-23 09:31:00,114.217279297,114.217279297,114.197425781,114.207352539,188698
2021-06-23 09:29:00,114.227206055,114.227206055,114.227206055,114.227206055,3306
2021-06-23 09:26:00,114.266913088,114.266913088,114.266913088,114.266913088,1323
2021-06-22 16:19:00,114.266913088,114.266913088,114.266913088,114.266913088,3366
2021-06-22 16:01:00,114.266913088,114.266913088,114.266913088,114.266913088,2561
2021-06-22 16:00:00,114.276839846,114.281803225,114.266913088,114.266913088,79342
2021-06-22 15:59:00,114.276839846,114.285674661,114.271876467,114.285674661,27674
2021-06-22 15:58:00,114.288255618,114.288255618,114.276839846,114.276839846,12005
2021-06-22 15:57:00,114.286766604,114.296594095,114.286766604,114.286766604,8201
2021-06-22 15:56:00,114.281803225,114.281803225,114.276839846,114.276839846,3392
2021-06-22 15:55:00,114.276839846,114.286766604,114.276839846,114.286766604,4094
2021-06-22 15:54:00,114.286766604,114.286766604,114.276839846,114.281803225,1353
2021-06-22 15:53:00,114.286766604,114.286766604,114.281803225,114.286766604,1756
2021-06-22 15:52:00,114.281803225,114.286766604,114.278924465,114.286766604,15186
2021-06-22 15:51:00,114.271876467,114.281803225,114.271876467,114.281803225,5941
2021-06-22 15:50:00,114.276839846,114.276839846,114.266913088,114.266913088,4353
2021-06-22 15:49:00,114.270585988,114.276839846,114.266913088,114.266913088,2904
2021-06-22 15:48:00,114.271876467,114.276839846,114.266913088,114.266913088,43885
2021-06-22 15:47:00,114.268600637,114.276839846,114.266913088,114.271876467,40853
2021-06-22 15:46:00,114.276839846,114.276839846,114.268501369,114.274953762,12811
2021-06-22 15:45:00,114.276839846,114.286667336,114.276839846,114.286667336,2121
2021-06-22 15:44:00,114.286766604,114.286766604,114.276839846,114.286667336,4948
2021-06-22 15:43:00,114.276839846,114.296693362,114.276839846,114.286766604,20596
2021-06-22 15:42:00,114.269990383,114.276839846,114.266913088,114.276839846,15913
2021-06-22 15:41:00,114.273266213,114.275251564,114.267012355,114.267012355,2836
2021-06-22 15:40:00,114.270188918,114.274358156,114.270188918,114.274358156,999
2021-06-22 15:39:00,114.258971681,114.27584717,114.258971681,114.271876467,11201
2021-06-22 15:38:00,114.256986329,114.266913088,114.256986329,114.266913088,11592
2021-06-22 15:37:00,114.255398048,114.256986329,114.248052247,114.256986329,3464
2021-06-22 15:36:00,114.25202295,114.25202295,114.249243458,114.25202295,1075
2021-06-22 15:35:00,114.247158839,114.255993654,114.247158839,114.25202295,2640
2021-06-22 15:34:00,114.255100245,114.256986329,114.24835005,114.248548585,6249
2021-06-22 15:33:00,114.2393167,114.255100245,114.2393167,114.25202295,4825
2021-06-22 15:32:00,114.232169434,114.247059571,114.232169434,114.247059571,6510
2021-06-22 15:31:00,114.236140137,114.237132813,114.228198731,114.237132813,4739
2021-06-22 15:30:00,114.23316211,114.236140137,114.228198731,114.232169434,6333
2021-06-22 15:29:00,114.242096192,114.242096192,114.228695069,114.230978223,30150
2021-06-22 15:28:00,114.242096192,114.247059571,114.242096192,114.242096192,5311
2021-06-22 15:27:00,114.247059571,114.247059571,114.238026221,114.243188136,8673
2021-06-22 15:26:00,114.247059571,114.247059571,114.237132813,114.237132813,2664
2021-06-22 15:25:00,114.232169434,114.247059571,114.232169434,114.247059571,3681
2021-06-22 15:24:00,114.237132813,114.237132813,114.232169434,114.234154786,8133
2021-06-22 15:23:00,114.237132813,114.237132813,114.232169434,114.237132813,2927
2021-06-22 15:22:00,114.241699122,114.243287403,114.235246729,114.235246729,10220
2021-06-22 15:21:00,114.242096192,114.242096192,114.238621827,114.242096192,3202
2021-06-22 15:20:00,114.237132813,114.246960304,114.237132813,114.246960304,4522
2021-06-22 15:19:00,114.244875685,114.247059571,114.242096192,114.244875685,2261
2021-06-22 15:18:00,114.247059571,114.247059571,114.239018897,114.247059571,5122
2021-06-22 15:17:00,114.247059571,114.247059571,114.242096192,114.242096192,2387
2021-06-22 15:16:00,114.242096192,114.243088868,114.238621827,114.242096192,938
2021-06-22 15:15:00,114.242096192,114.247059571,114.242096192,114.247059571,1659
2021-06-22 15:14:00,114.246066896,114.247059571,114.237132813,114.237132813,7338
2021-06-22 15:13:00,114.25202295,114.255497316,114.237132813,114.242096192,16799
2021-06-22 15:12:00,114.247059571,114.256986329,114.247059571,114.252916359,3119
2021-06-22 15:11:00,114.248647853,114.250633204,114.248647853,114.250633204,2432
2021-06-22 15:10:00,114.247059571,114.256986329,114.242096192,114.247158839,12763
2021-06-22 15:09:00,114.227206055,114.242096192,114.227206055,114.240408643,4270
2021-06-22 15:08:00,114.237132813,114.237132813,114.227206055,114.237033546,1575
2021-06-22 15:07:00,114.243088868,114.243088868,114.237132813,114.238621827,2759
2021-06-22 15:06:00,114.232169434,114.238423292,114.229092139,114.237132813,5039
2021-06-22 15:05:00,114.241103516,114.241897657,114.230382618,114.237132813,5835
2021-06-22 15:04:00,114.237132813,114.246960304,114.237132813,114.246960304,5194
2021-06-22 15:03:00,114.237132813,114.247059571,114.237132813,114.247059571,2751
2021-06-22 15:02:00,114.227206055,114.237132813,114.227206055,114.237132813,9887
2021-06-22 15:01:00,114.227206055,114.227206055,114.217279297,114.227206055,9568
2021-06-22 15:00:00,114.237033546,114.237033546,114.227206055,114.227206055,9448
2021-06-22 14:59:00,114.242096192,114.242096192,114.237132813,114.237132813,4488
2021-06-22 14:58:00,114.227206055,114.237132813,114.227206055,114.237132813,11252
2021-06-22 14:57:00,114.22125,114.227206055,114.217279297,114.227206055,15916
2021-06-22 14:56:00,114.217279297,114.226213379,114.217279297,114.226213379,18686
2021-06-22 14:55:00,114.212315918,114.217279297,114.207352539,114.217279297,14340
2021-06-22 14:54:00,114.207352539,114.217279297,114.207352539,114.207352539,4811
2021-06-22 14:53:00,114.207352539,114.213407861,114.207352539,114.207352539,1334
2021-06-22 14:52:00,114.215790283,114.217279297,114.207352539,114.212315918,4131
2021-06-22 14:51:00,114.212315918,114.217279297,114.207352539,114.217279297,1444
2021-06-22 14:50:00,114.217279297,114.217279297,114.207352539,114.217279297,6304
2021-06-22 14:49:00,114.212315918,114.216286621,114.209536426,114.212315918,1797
2021-06-22 14:48:00,114.207352539,114.214301269,114.207352539,114.214301269,1882
2021-06-22 14:47:00,114.203381835,114.207352539,114.197425781,114.207352539,4106
2021-06-22 14:46:00,114.207352539,114.207352539,114.197425781,114.205962793,4945
2021-06-22 14:45:00,114.207451806,114.207451806,114.20238916,114.207352539,15050
2021-06-22 14:44:00,114.217180029,114.217279297,114.207352539,114.217279297,1094
2021-06-22 14:43:00,114.217180029,114.217180029,114.207352539,114.207352539,1588
2021-06-22 14:42:00,114.225022168,114.225022168,114.217279297,114.217279297,30150
2021-06-22 14:41:00,114.217279297,114.225022168,114.212315918,114.225022168,22108
2021-06-22 14:40:00,114.222242676,114.222242676,114.217279297,114.217279297,4745
2021-06-22 14:39:00,114.227106787,114.227106787,114.217279297,114.217279297,2338
2021-06-22 14:38:00,114.207352539,114.227206055,114.207352539,114.222242676,20000
2021-06-22 14:37:00,114.212315918,114.217279297,114.207352539,114.212315918,28555
2021-06-22 14:36:00,114.212315918,114.217279297,114.207352539,114.212315918,6468
2021-06-22 14:35:00,114.212315918,114.217279297,114.21142251,114.217279297,1561
2021-06-22 14:34:00,114.222242676,114.222242676,114.207352539,114.212315918,55466
2021-06-22 14:33:00,114.232169434,114.235048194,114.217279297,114.217279297,25273
2021-06-22 14:32:00,114.227305323,114.234948926,114.227206055,114.234948926,1154
2021-06-22 14:31:00,114.228695069,114.236140137,114.227206055,114.227206055,7231
2021-06-22 14:30:00,114.232169434,114.234948926,114.227206055,114.233757715,5539
2021-06-22 14:29:00,114.237132813,114.237132813,114.227206055,114.227206055,4550
2021-06-22 14:28:00,114.234849659,114.237033546,114.227206055,114.227206055,3914
2021-06-22 14:27:00,114.232169434,114.237033546,114.227206055,114.227206055,11111
2021-06-22 14:26:00,114.217279297,114.227206055,114.212315918,114.227206055,172854
2021-06-22 14:25:00,114.212315918,114.217279297,114.207352539,114.217180029,2957
2021-06-22 14:24:00,114.213407861,114.217279297,114.211025439,114.212315918,12304
2021-06-22 14:23:00,114.207352539,114.215790283,114.207352539,114.215790283,2889
2021-06-22 14:22:00,114.222242676,114.222242676,114.207352539,114.207352539,2800
2021-06-22 14:21:00,114.22085293,114.221547803,114.22085293,114.221547803,2044
2021-06-22 14:20:00,114.212315918,114.226213379,114.212315918,114.222242676,30578
2021-06-22 14:19:00,114.226213379,114.226213379,114.217279297,114.217279297,1022
2021-06-22 14:18:00,114.227206055,114.227206055,114.222242676,114.225419239,5936
2021-06-22 14:17:00,114.225022168,114.225022168,114.218768311,114.219463184,1001
2021-06-22 14:16:00,114.230978223,114.232169434,114.217279297,114.226213379,13436
2021-06-22 14:15:00,114.227206055,114.235643799,114.227206055,114.227206055,3990
2021-06-22 14:14:00,114.212315918,114.232963575,114.212315918,114.228198731,13188
2021-06-22 14:13:00,114.21549248,114.217279297,114.211025439,114.217279297,908
2021-06-22 14:12:00,114.217279297,114.217279297,114.207352539,114.217279297,1438
2021-06-22 14:11:00,114.222242676,114.226213379,114.207352539,114.216286621,11968
2021-06-22 14:10:00,114.20933789,114.222242676,114.208345215,114.222242676,2624
2021-06-22 14:09:00,114.208245947,114.217279297,114.207451806,114.217279297,2804
2021-06-22 14:08:00,114.215790283,114.215790283,114.207650341,114.207650341,2276
2021-06-22 14:07:00,114.217279297,114.217279297,114.212315918,114.212315918,2416
2021-06-22 14:06:00,114.219264649,114.227206055,114.217279297,114.217279297,1457
2021-06-22 14:05:00,114.232169434,114.232169434,114.222242676,114.226511182,2561
2021-06-22 14:04:00,114.212315918,114.227206055,114.212315918,114.227206055,4858
2021-06-22 14:03:00,114.222242676,114.222242676,114.207352539,114.207352539,598
2021-06-22 14:02:00,114.225121436,114.225816309,114.217279297,114.217279297,3119
2021-06-22 14:01:00,114.222242676,114.227106787,114.217279297,114.225022168,15728
2021-06-22 14:00:00,114.225717041,114.234651124,114.225717041,114.227206055,3809
2021-06-22 13:59:00,114.227206055,114.227206055,114.217279297,114.227206055,7617
2021-06-22 13:58:00,114.232169434,114.232169434,114.227206055,114.227206055,679
2021-06-22 13:57:00,114.227206055,114.235743067,114.227206055,114.232169434,2146
2021-06-22 13:56:00,114.22740459,114.232169434,114.22740459,114.228198731,2611
2021-06-22 13:55:00,114.237132813,114.237132813,114.227206055,114.230382618,5732
2021-06-22 13:54:00,114.227206055,114.236140137,114.227206055,114.236140137,4256
2021-06-22 13:53:00,114.226808985,114.226808985,114.217279297,114.218271973,9592
2021-06-22 13:52:00,114.227206055,114.227206055,114.222242676,114.224724365,5434
2021-06-22 13:51:00,114.222242676,114.225717041,114.217279297,114.222441211,2215
2021-06-22 13:50:00,114.222242676,114.225717041,114.217874902,114.225022168,6165
2021-06-22 13:49:00,114.224625098,114.227206055,114.220257324,114.227206055,3252
2021-06-22 13:48:00,114.212315918,114.226511182,114.212315918,114.226511182,2759
2021-06-22 13:47:00,114.217279297,114.217279297,114.212315918,114.212315918,1260
2021-06-22 13:46:00,114.208841552,114.217279297,114.207352539,114.207352539,119012
2021-06-22 13:45:00,114.212315918,114.212315918,114.212315918,114.212315918,301
2021-06-22 13:44:00,114.213010791,114.217279297,114.213010791,114.216981494,1771
2021-06-22 13:43:00,114.217279297,114.217279297,114.212315918,114.212315918,5945
2021-06-22 13:42:00,114.222242676,114.222242676,114.222242676,114.222242676,3490
2021-06-22 13:41:00,114.227106787,114.227106787,114.21797417,114.222242676,2441
2021-06-22 13:40:00,114.227206055,114.227206055,114.222242676,114.223632422,3006
2021-06-22 13:39:00,114.217279297,114.225022168,114.217279297,114.225022168,962
2021-06-22 13:38:00,114.222242676,114.227206055,114.218867578,114.225022168,5209
2021-06-22 13:37:00,114.237132813,114.237132813,114.227206055,114.227206055,1398
2021-06-22 13:36:00,114.237132813,114.246066896,114.237132813,114.246066896,4713
2021-06-22 13:35:00,114.237132813,114.244875685,114.237132813,114.242096192,5692
2021-06-22 13:34:00,114.234948926,114.242096192,114.230184082,114.242096192,7889
2021-06-22 13:33:00,114.237033546,114.237132813,114.227206055,114.230184082,4447
2021-06-22 13:32:00,114.237132813,114.247059571,114.237132813,114.237132813,6010
2021-06-22 13:31:00,114.246066896,114.247059571,114.237132813,114.237132813,2421
2021-06-22 13:30:00,114.247059571,114.247059571,114.242096192,114.247059571,2299
2021-06-22 13:29:00,114.257085597,114.257085597,114.247059571,114.248548585,38259
2021-06-22 13:28:00,114.266913088,114.275350832,114.256986329,114.256986329,7376
2021-06-22 13:27:00,114.271876467,114.271876467,114.266913088,114.266913088,305
2021-06-22 13:26:00,114.261949709,114.271876467,114.261949709,114.266913088,26407
2021-06-22 13:25:00,114.249243458,114.261949709,114.247059571,114.256986329,12500
2021-06-22 13:24:00,114.247158839,114.256986329,114.247158839,114.25202295,2271
2021-06-22 13:23:00,114.25202295,114.25202295,114.25202295,114.25202295,639
2021-06-22 13:22:00,114.256986329,114.256986329,114.248945655,114.25202295,1824
2021-06-22 13:21:00,114.247059571,114.255398048,114.247059571,114.247059571,3017
2021-06-22 13:20:00,114.256986329,114.256986329,114.247059571,114.247059571,2483
2021-06-22 13:19:00,114.256986329,114.256986329,114.247059571,114.25202295,2812
2021-06-22 13:18:00,114.248945655,114.255497316,114.248945655,114.255497316,2857
2021-06-22 13:17:00,114.250434669,114.256986329,114.247059571,114.25202295,4194
2021-06-22 13:16:00,114.247059571,114.25202295,114.247059571,114.25202295,3613
2021-06-22 13:15:00,114.237132813,114.247059571,114.237132813,114.247059571,2008
2021-06-22 13:14:00,114.242096192,114.247059571,114.237132813,114.246960304,2722
2021-06-22 13:13:00,114.242096192,114.24547129,114.242096192,114.24547129,2083
2021-06-22 13:12:00,114.229092139,114.247059571,114.229092139,114.245570558,2308
2021-06-22 13:11:00,114.237132813,114.237132813,114.229092139,114.237132813,1479
2021-06-22 13:10:00,114.237132813,114.242096192,114.23683501,114.23683501,1944
2021-06-22 13:09:00,114.25202295,114.25202295,114.247059571,114.247059571,930
2021-06-22 13:08:00,114.243982276,114.247059571,114.240706446,114.247059571,1604
2021-06-22 13:07:00,114.256986329,114.256986329,114.256986329,114.256986329,595
2021-06-22 13:06:00,114.255993654,114.256986329,114.247059571,114.255497316,6420
2021-06-22 13:05:00,114.245570558,114.252320753,114.245570558,114.250037599,8234
2021-06-22 13:04:00,114.245272755,114.247059571,114.238721094,114.238721094,3499
2021-06-22 13:03:00,114.256986329,114.256986329,114.237132813,114.237430616,321272
2021-06-22 13:02:00,114.253015626,114.256986329,114.248647853,114.256986329,5604
2021-06-22 13:01:00,114.255000978,114.256986329,114.248548585,114.256986329,8567
2021-06-22 13:00:00,114.247059571,114.256986329,114.247059571,114.256986329,10650
2021-06-22 12:59:00,114.25202295,114.25202295,114.242096192,114.247059571,18487
2021-06-22 12:58:00,114.26393506,114.26393506,114.247158839,114.256887062,8174
2021-06-22 12:57:00,114.261949709,114.265821144,114.257085597,114.257085597,2865
2021-06-22 12:56:00,114.256986329,114.266913088,114.256986329,114.261949709,5976
2021-06-22 12:55:00,114.25202295,114.266913088,114.25202295,114.26393506,7380
2021-06-22 12:54:00,114.248647853,114.256986329,114.248548585,114.256986329,8672
2021-06-22 12:52:00,114.256887062,114.256887062,114.247059571,114.25202295,3862
2021-06-22 12:51:00,114.247059571,114.25202295,114.247059571,114.25202295,1325
2021-06-22 12:50:00,114.25202295,114.256887062,114.247059571,114.256688527,2904
2021-06-22 12:49:00,114.25202295,114.255298781,114.247059571,114.255298781,5464
2021-06-22 12:48:00,114.247059571,114.25202295,114.247059571,114.25202295,874
2021-06-22 12:47:00,114.25202295,114.25202295,114.249938331,114.249938331,724
2021-06-22 12:46:00,114.255497316,114.255497316,114.247059571,114.250633204,2108
2021-06-22 12:45:00,114.25202295,114.256986329,114.248945655,114.248945655,1833
2021-06-22 12:44:00,114.247059571,114.255497316,114.247059571,114.25202295,2488
2021-06-22 12:43:00,114.250633204,114.256986329,114.247059571,114.255000978,2910
2021-06-22 12:42:00,114.25202295,114.256986329,114.247158839,114.247158839,14421
2021-06-22 12:41:00,114.247059571,114.25202295,114.247059571,114.25202295,2737
2021-06-22 12:40:00,114.256986329,114.256986329,114.256986329,114.256986329,2203
2021-06-22 12:39:00,114.264034328,114.266913088,114.261949709,114.261949709,1105
2021-06-22 12:38:00,114.266913088,114.271876467,114.256986329,114.261949709,5104
2021-06-22 12:37:00,114.256986329,114.266913088,114.256986329,114.266913088,5147
2021-06-22 12:36:00,114.254008302,114.256986329,114.254008302,114.256887062,6567
2021-06-22 12:35:00,114.25202295,114.256986329,114.247059571,114.256986329,2547
2021-06-22 12:34:00,114.242791065,114.247059571,114.242791065,114.246960304,3327
2021-06-22 12:33:00,114.237132813,114.247059571,114.237132813,114.247059571,5588
2021-06-22 12:32:00,114.232169434,114.232169434,114.232169434,114.232169434,324
2021-06-22 12:31:00,114.22085293,114.232169434,114.22085293,114.232169434,4388
2021-06-22 12:30:00,114.222242676,114.227206055,114.21837124,114.21837124,5523
2021-06-22 12:29:00,114.207352539,114.227206055,114.20238916,114.22373169,22728
2021-06-22 12:28:00,114.20238916,114.207352539,114.20238916,114.207154004,5404
2021-06-22 12:27:00,114.20238916,114.207352539,114.20238916,114.207352539,9182
2021-06-22 12:26:00,114.20238916,114.207352539,114.197425781,114.207352539,35309
2021-06-22 12:25:00,114.207352539,114.207352539,114.201892822,114.201892822,104317
2021-06-22 12:24:00,114.207352539,114.207352539,114.199014062,114.20238916,3403
2021-06-22 12:23:00,114.20238916,114.207352539,114.198418456,114.207352539,1624
2021-06-22 12:22:00,114.207352539,114.207352539,114.205764257,114.205764257,974
2021-06-22 12:21:00,114.207352539,114.207352539,114.197425781,114.207352539,9888
2021-06-22 12:20:00,114.205764257,114.207352539,114.205764257,114.207352539,1380
2021-06-22 12:19:00,114.207352539,114.207352539,114.207352539,114.207352539,2791
2021-06-22 12:18:00,114.20238916,114.207352539,114.20238916,114.207352539,6449
2021-06-22 12:17:00,114.207749609,114.215691016,114.205863525,114.207352539,2728
2021-06-22 12:16:00,114.207352539,114.217279297,114.207352539,114.217279297,1936
2021-06-22 12:15:00,114.207352539,114.207352539,114.197922118,114.207352539,1506
2021-06-22 12:14:00,114.212315918,114.217279297,114.207352539,114.207352539,2266
2021-06-22 12:13:00,114.207352539,114.215790283,114.207352539,114.207352539,952
2021-06-22 12:12:00,114.217279297,114.217279297,114.207352539,114.207352539,3297
2021-06-22 12:11:00,114.208345215,114.212315918,114.207352539,114.212315918,896
2021-06-22 12:10:00,114.216286621,114.216286621,114.210826904,114.210826904,1804
2021-06-22 12:09:00,114.214102734,114.214102734,114.208345215,114.208345215,1804
2021-06-22 12:08:00,114.212315918,114.217180029,114.212315918,114.217180029,499
2021-06-22 12:07:00,114.225022168,114.225022168,114.212315918,114.212315918,2770
2021-06-22 12:06:00,114.217279297,114.219959522,114.217279297,114.219959522,2335
2021-06-22 12:05:00,114.22125,114.222242676,114.220257324,114.220257324,1597
2021-06-22 12:04:00,114.227206055,114.227206055,114.219264649,114.225717041,19730
2021-06-22 12:03:00,114.232169434,114.237132813,114.227206055,114.227206055,6617
2021-06-22 12:02:00,114.222242676,114.237132813,114.222242676,114.237132813,5595
2021-06-22 12:01:00,114.222242676,114.227206055,114.222242676,114.222242676,229949
2021-06-22 12:00:00,114.227206055,114.227206055,114.218073438,114.227206055,9594
2021-06-22 11:59:00,114.227206055,114.227206055,114.218073438,114.218073438,11507
2021-06-22 11:58:00,114.22164707,114.227206055,114.219363916,114.227206055,97413
2021-06-22 11:57:00,114.227206055,114.227206055,114.217279297,114.227206055,114007
2021-06-22 11:56:00,114.212315918,114.227206055,114.212315918,114.222242676,29214
2021-06-22 11:55:00,114.192462401,114.207352539,114.192462401,114.207352539,28576
2021-06-22 11:54:00,114.192462401,114.195440429,114.192462401,114.193058007,1881
2021-06-22 11:53:00,114.192462401,114.197425781,114.192462401,114.197425781,3048
2021-06-22 11:52:00,114.197425781,114.197425781,114.192462401,114.192462401,1439
2021-06-22 11:51:00,114.189682909,114.197425781,114.189682909,114.192462401,4886
2021-06-22 11:50:00,114.197425781,114.197425781,114.193455077,114.197425781,566
2021-06-22 11:49:00,114.197326513,114.197425781,114.192462401,114.192462401,3692
2021-06-22 11:48:00,114.197425781,114.197425781,114.197425781,114.197425781,224
2021-06-22 11:46:00,114.187499022,114.197425781,114.187499022,114.192462401,4958
2021-06-22 11:45:00,114.187499022,114.197425781,114.187499022,114.187499022,7864
2021-06-22 11:44:00,114.177572264,114.177572264,114.177572264,114.177572264,689
2021-06-22 11:43:00,114.177572264,114.177572264,114.172608885,114.172608885,7576
2021-06-22 11:42:00,114.187499022,114.192462401,114.182237841,114.182237841,12305
2021-06-22 11:41:00,114.187499022,114.187499022,114.177572264,114.187499022,9381
2021-06-22 11:40:00,114.192462401,114.197425781,114.187499022,114.187499022,5220
2021-06-22 11:39:00,114.192462401,114.192462401,114.187499022,114.192462401,850
2021-06-22 11:38:00,114.197425781,114.197425781,114.192462401,114.192462401,377
2021-06-22 11:37:00,114.192462401,114.197326513,114.192462401,114.197326513,984
2021-06-22 11:36:00,114.182535643,114.192462401,114.177572264,114.187499022,38900
2021-06-22 11:35:00,114.185811474,114.185811474,114.177572264,114.177572264,6061
2021-06-22 11:34:00,114.187499022,114.187499022,114.17856494,114.187499022,10860
2021-06-22 11:33:00,114.190774853,114.192462401,114.177572264,114.182535643,152916
2021-06-22 11:32:00,114.187499022,114.192462401,114.187499022,114.189285839,1368
2021-06-22 11:31:00,114.192462401,114.192462401,114.187499022,114.187499022,52392
2021-06-22 11:30:00,114.192462401,114.197425781,114.187499022,114.192462401,117985
2021-06-22 11:29:00,114.187499022,114.197425781,114.187499022,114.192462401,271464
2021-06-22 11:28:00,114.187499022,114.196433105,114.187499022,114.187499022,14708
2021-06-22 11:27:00,114.182535643,114.192462401,114.179756151,114.187499022,29681
2021-06-22 11:26:00,114.182535643,114.187499022,114.182535643,114.182535643,15377
2021-06-22 11:25:00,114.182833446,114.187499022,114.167744774,114.182535643,146987
2021-06-22 11:24:00,114.179756151,114.187499022,114.177572264,114.187499022,2430
2021-06-22 11:23:00,114.182535643,114.187499022,114.177572264,114.187499022,86938
2021-06-22 11:22:00,114.187499022,114.197425781,114.182535643,114.182535643,245507
2021-06-22 11:21:00,114.186010009,114.194050683,114.182535643,114.194050683,18617
2021-06-22 11:20:00,114.187499022,114.192462401,114.182535643,114.182535643,5991
2021-06-22 11:19:00,114.187300487,114.187499022,114.179160546,114.187499022,20589
2021-06-22 11:18:00,114.177572264,114.177572264,114.167645506,114.167645506,959
2021-06-22 11:17:00,114.167645506,114.175388377,114.167645506,114.167645506,6357
2021-06-22 11:16:00,114.177572264,114.187499022,114.167645506,114.172608885,54911
2021-06-22 11:15:00,114.171616209,114.177572264,114.169829393,114.177572264,1313
2021-06-22 11:14:00,114.174991307,114.177572264,114.169829393,114.169829393,1455
2021-06-22 11:13:00,114.172608885,114.177572264,114.167645506,114.176678856,5077
2021-06-22 11:12:00,114.177572264,114.177572264,114.16913452,114.172608885,1228
2021-06-22 11:11:00,114.182535643,114.186010009,114.167645506,114.167645506,6200
2021-06-22 11:10:00,114.177572264,114.187499022,114.177572264,114.187499022,4051
2021-06-22 11:09:00,114.182535643,114.182535643,114.182535643,114.182535643,817
2021-06-22 11:08:00,114.177572264,114.177572264,114.16953159,114.177572264,19623
2021-06-22 11:07:00,114.172608885,114.176083251,114.168638182,114.176083251,2833
2021-06-22 11:06:00,114.177572264,114.177572264,114.167645506,114.176083251,2594
2021-06-22 11:05:00,114.182535643,114.187499022,114.177572264,114.177572264,3070
2021-06-22 11:04:00,114.197425781,114.197425781,114.187499022,114.187499022,2369
2021-06-22 11:03:00,114.197425781,114.212315918,114.197425781,114.207352539,5674
2021-06-22 11:02:00,114.197425781,114.20238916,114.187499022,114.197425781,40979
2021-06-22 11:01:00,114.162682127,114.197425781,114.162682127,114.192462401,55415
2021-06-22 11:00:00,114.157718748,114.157718748,114.157718748,114.157718748,1942
2021-06-22 10:59:00,114.162682127,114.162682127,114.159207762,114.162682127,666
2021-06-22 10:58:00,114.161093846,114.163674803,114.159207762,114.163674803,1308
2021-06-22 10:57:00,114.147295652,114.157718748,114.139354245,114.157718748,1603
2021-06-22 10:56:00,114.14779199,114.14779199,114.14779199,114.14779199,1011
2021-06-22 10:55:00,114.149380271,114.157718748,114.14779199,114.14779199,2935
2021-06-22 10:54:00,114.147891257,114.157718748,114.147891257,114.149975877,3104
2021-06-22 10:53:00,114.157718748,114.157718748,114.14779199,114.14779199,1595
2021-06-22 10:52:00,114.14779199,114.155534861,114.14779199,114.152755369,13520
2021-06-22 10:51:00,114.149281004,114.156726072,114.14779199,114.14779199,4812
2021-06-22 10:50:00,114.165461619,114.167645506,114.157718748,114.157718748,13101
2021-06-22 10:49:00,114.159803367,114.165660154,114.159803367,114.165461619,1021
2021-06-22 10:48:00,114.139354245,114.162682127,114.139354245,114.162682127,4794
2021-06-22 10:47:00,114.14779199,114.14779199,114.147692722,114.147692722,688
2021-06-22 10:46:00,114.14779199,114.14779199,114.137865232,114.137865232,1520
2021-06-22 10:45:00,114.137865232,114.14779199,114.132901853,114.137865232,4716
2021-06-22 10:44:00,114.137865232,114.146203709,114.137865232,114.142828611,4601
2021-06-22 10:43:00,114.149281004,114.149281004,114.137865232,114.145608103,3439
2021-06-22 10:42:00,114.14779199,114.157718748,114.14779199,114.155534861,6665
2021-06-22 10:41:00,114.14779199,114.15761948,114.14779199,114.152755369,1692
2021-06-22 10:40:00,114.14779199,114.157718748,114.14779199,114.157718748,6193
2021-06-22 10:39:00,114.157718748,114.164568211,114.150770017,114.150770017,3041
2021-06-22 10:38:00,114.157718748,114.162682127,114.152755369,114.162682127,2792
2021-06-22 10:37:00,114.163178465,114.165660154,114.157718748,114.165560887,2999
2021-06-22 10:36:00,114.14779199,114.157718748,114.14779199,114.157718748,3979
2021-06-22 10:35:00,114.167645506,114.167645506,114.149281004,114.152755369,5015
2021-06-22 10:34:00,114.167645506,114.177075926,114.160895311,114.160895311,2596
2021-06-22 10:33:00,114.14779199,114.167645506,114.14779199,114.167645506,20914
2021-06-22 10:32:00,114.137865232,114.15761948,114.137865232,114.14779199,7028
2021-06-22 10:31:00,114.127938474,114.137865232,114.127938474,114.137865232,9492
2021-06-22 10:30:00,114.127938474,114.137865232,114.127938474,114.130519431,6792
2021-06-22 10:29:00,114.122975094,114.127938474,114.120195602,114.127938474,2815
2021-06-22 10:28:00,114.118011715,114.127938474,114.118011715,114.126945798,8165
2021-06-22 10:27:00,114.126945798,114.126945798,114.118011715,114.118011715,1885
2021-06-22 10:26:00,114.12644946,114.12644946,114.118011715,114.118011715,1565
2021-06-22 10:25:00,114.122975094,114.127938474,114.118011715,114.127938474,4402
2021-06-22 10:24:00,114.127938474,114.127938474,114.120791208,114.122975094,1973
2021-06-22 10:23:00,114.118011715,114.127938474,114.109573971,114.127938474,3740
2021-06-22 10:22:00,114.098158199,114.113048336,114.09319482,114.113048336,5656
2021-06-22 10:21:00,114.095875045,114.098158199,114.09319482,114.09319482,1346
2021-06-22 10:20:00,114.083268062,114.09319482,114.079297359,114.09319482,9355
2021-06-22 10:19:00,114.083268062,114.083565865,114.078304683,114.078304683,6710
2021-06-22 10:18:00,114.083268062,114.088231441,114.080290034,114.083268062,6464
2021-06-22 10:17:00,114.088231441,114.088231441,114.078304683,114.078602485,23108
2021-06-22 10:16:00,114.098158199,114.098158199,114.088231441,114.088231441,2577
2021-06-22 10:15:00,114.106595943,114.108084957,114.098158199,114.098158199,7377
2021-06-22 10:14:00,114.106000338,114.10798569,114.106000338,114.10798569,1474
2021-06-22 10:13:00,114.09319482,114.103121578,114.088231441,114.098158199,24934
2021-06-22 10:12:00,114.088231441,114.088231441,114.086444624,114.088231441,12121
2021-06-22 10:11:00,114.088231441,114.098158199,114.088231441,114.09359189,4849
2021-06-22 10:10:00,114.099647213,114.103121578,114.098158199,114.098158199,8571
2021-06-22 10:09:00,114.108084957,114.108084957,114.088231441,114.098158199,6501
2021-06-22 10:08:00,114.118011715,114.122975094,114.108084957,114.118011715,17376
2021-06-22 10:07:00,114.137865232,114.137865232,114.127938474,114.127938474,3329
2021-06-22 10:06:00,114.111162252,114.137865232,114.109871774,114.137865232,2148
2021-06-22 10:05:00,114.108084957,114.115827829,114.108084957,114.108084957,3851
2021-06-22 10:04:00,114.108084957,114.108084957,114.100242818,114.108084957,16411
2021-06-22 10:03:00,114.088231441,114.103121578,114.083268062,114.098158199,12139
2021-06-22 10:02:00,114.053487787,114.088231441,114.053487787,114.088231441,76518
2021-06-22 10:01:00,114.053487787,114.058451166,114.048524408,114.053487787,23742
2021-06-22 10:00:00,114.058451166,114.064010151,114.048524408,114.053487787,16171
2021-06-22 09:59:00,114.068377925,114.068377925,114.058451166,114.058451166,29808
2021-06-22 09:58:00,114.068377925,114.076617134,114.068377925,114.069866938,3001
2021-06-22 09:57:00,114.083268062,114.083268062,114.068377925,114.068377925,43281
2021-06-22 09:56:00,114.078304683,114.088231441,114.078304683,114.083268062,30176
2021-06-22 09:55:00,114.078304683,114.083268062,114.078304683,114.083268062,2686
2021-06-22 09:54:00,114.088231441,114.088231441,114.068377925,114.073341304,10472
2021-06-22 09:53:00,114.073341304,114.095974312,114.073341304,114.095974312,4602
2021-06-22 09:52:00,114.078304683,114.078304683,114.069866938,114.069866938,515
2021-06-22 09:51:00,114.088231441,114.088231441,114.078304683,114.078304683,15006
2021-06-22 09:50:00,114.075028853,114.088231441,114.073341304,114.088231441,4477
2021-06-22 09:49:00,114.068377925,114.078304683,114.068377925,114.073341304,8853
2021-06-22 09:48:00,114.048425141,114.058451166,114.048425141,114.058451166,3980
2021-06-22 09:47:00,114.03859765,114.047829535,114.03859765,114.047829535,1839
2021-06-22 09:46:00,114.033634271,114.03859765,114.033634271,114.034825482,2761
2021-06-22 09:45:00,114.038498383,114.043561029,114.038498383,114.03859765,8199
2021-06-22 09:44:00,114.03859765,114.03859765,114.028670892,114.028670892,4432
2021-06-22 09:43:00,114.048425141,114.053487787,114.03859765,114.043561029,2731
2021-06-22 09:42:00,114.047829535,114.048524408,114.03859765,114.03859765,6921
2021-06-22 09:41:00,114.018744134,114.03859765,114.018744134,114.03859765,13665
2021-06-22 09:40:00,114.008817376,114.023707513,114.003853997,114.018744134,22272
2021-06-22 09:39:00,114.018744134,114.018744134,113.998890618,114.008817376,50280
2021-06-22 09:38:00,114.001967913,114.013780755,114.001967913,114.008817376,8825
2021-06-22 09:37:00,113.993927238,113.998890618,113.993927238,113.998890618,6228
2021-06-22 09:36:00,113.998890618,113.998890618,113.988963859,113.988963859,13006
2021-06-22 09:35:00,114.008817376,114.008817376,113.998890618,114.008817376,4092
2021-06-22 09:34:00,113.998890618,113.998890618,113.988963859,113.998890618,2732
2021-06-22 09:33:00,114.003853997,114.008817376,113.998890618,113.998890618,6977
2021-06-22 09:32:00,113.998890618,114.003853997,113.994919914,114.003853997,4734
2021-06-22 09:31:00,113.988963859,114.018744134,113.988963859,114.008817376,189702
2021-06-21 18:19:00,113.343724579,113.343724579,113.343724579,113.343724579,234
2021-06-21 16:00:00,114.137865232,114.157718748,114.118011715,114.118011715,376763
2021-06-21 15:59:00,114.14779199,114.14779199,114.132901853,114.137865232,48138
2021-06-21 15:58:00,114.127938474,114.14779199,114.12644946,114.14779199,44183
2021-06-21 15:57:00,114.127938474,114.127938474,114.118110983,114.127938474,21468
2021-06-21 15:56:00,114.127938474,114.127938474,114.122975094,114.127938474,15669
2021-06-21 15:55:00,114.118011715,114.127938474,114.109077633,114.127938474,25086
2021-06-21 15:54:00,114.113048336,114.118011715,114.109077633,114.118011715,3648
2021-06-21 15:53:00,114.132901853,114.132901853,114.109673239,114.109673239,21319
2021-06-21 15:52:00,114.137865232,114.137865232,114.127938474,114.135780612,8459
2021-06-21 15:51:00,114.137865232,114.137865232,114.132901853,114.132901853,3523
2021-06-21 15:50:00,114.132901853,114.137865232,114.132901853,114.132901853,2011
2021-06-21 15:49:00,114.122975094,114.135383542,114.122975094,114.135383542,8596
2021-06-21 15:48:00,114.122975094,114.126945798,114.119897799,114.122975094,10975
2021-06-21 15:47:00,114.122975094,114.125754587,114.118011715,114.122975094,4646
2021-06-21 15:46:00,114.113048336,114.122975094,114.113048336,114.122975094,9217
2021-06-21 15:45:00,114.118011715,114.118011715,114.109077633,114.113048336,8086
2021-06-21 15:44:00,114.113048336,114.118011715,114.111460055,114.111460055,4189
2021-06-21 15:43:00,114.113048336,114.118011715,114.108482028,114.118011715,16359
2021-06-21 15:42:00,114.122975094,114.122975094,114.108084957,114.116026364,6937
2021-06-21 15:41:00,114.122975094,114.122975094,114.118011715,114.120394137,3450
2021-06-21 15:40:00,114.122975094,114.123769235,114.118011715,114.122975094,1396
2021-06-21 15:39:00,114.122975094,114.127938474,114.118011715,114.121883151,127468
2021-06-21 15:38:00,114.118011715,114.127938474,114.118011715,114.118011715,8856
2021-06-21 15:37:00,114.11414028,114.118011715,114.113048336,114.118011715,7658
2021-06-21 15:36:00,114.137865232,114.137865232,114.108084957,114.108084957,46252
2021-06-21 15:35:00,114.122975094,114.137865232,114.118110983,114.132901853,30493
2021-06-21 15:34:00,114.122975094,114.122975094,114.118011715,114.122975094,2377
2021-06-21 15:33:00,114.122975094,114.127839206,114.118011715,114.1272436,7480
2021-06-21 15:32:00,114.113048336,114.122975094,114.112750534,114.122975094,3168
2021-06-21 15:31:00,114.108084957,114.113048336,114.103121578,114.113048336,16727
2021-06-21 15:30:00,114.108084957,114.108084957,114.098158199,114.103121578,15876
2021-06-21 15:29:00,114.113048336,114.118011715,114.108084957,114.113048336,9980
2021-06-21 15:28:00,114.103121578,114.113048336,114.103121578,114.113048336,11237
2021-06-21 15:27:00,114.103121578,114.103617916,114.098158199,114.103121578,3999
2021-06-21 15:26:00,114.109573971,114.113346139,114.098158199,114.098158199,14039
2021-06-21 15:25:00,114.108084957,114.117912448,114.108084957,114.113048336,3508
2021-06-21 15:24:00,114.108084957,114.118011715,114.108084957,114.115033688,3248
2021-06-21 15:23:00,114.127938474,114.127938474,114.113048336,114.113048336,12398
2021-06-21 15:22:00,114.127938474,114.137865232,114.127938474,114.127938474,12432
2021-06-21 15:21:00,114.132901853,114.137865232,114.127938474,114.127938474,6322
2021-06-21 15:20:00,114.140049118,114.14779199,114.131115036,114.131115036,8628
2021-06-21 15:19:00,114.14779199,114.152755369,114.140843259,114.142828611,87085
2021-06-21 15:18:00,114.157718748,114.162682127,114.14779199,114.152755369,6705
2021-06-21 15:17:00,114.14779199,114.162682127,114.142233005,114.162682127,13152
2021-06-21 15:16:00,114.146302976,114.14779199,114.139751316,114.140843259,3310
2021-06-21 15:15:00,114.14779199,114.14779199,114.14243154,114.14243154,3502
2021-06-21 15:14:00,114.137865232,114.144813962,114.129526755,114.137865232,10765
2021-06-21 15:13:00,114.140049118,114.14779199,114.137865232,114.137865232,6493
2021-06-21 15:12:00,114.144615427,114.14779199,114.139354245,114.142828611,2556
2021-06-21 15:11:00,114.142828611,114.14779199,114.140843259,114.142828611,3071
2021-06-21 15:10:00,114.142828611,114.144615427,114.142828611,114.144615427,515
2021-06-21 15:09:00,114.137865232,114.142828611,114.136376218,114.136376218,5129
2021-06-21 15:08:00,114.14779199,114.14779199,114.140049118,114.140049118,5084
2021-06-21 15:07:00,114.14779199,114.156229734,114.14779199,114.156229734,2554
2021-06-21 15:06:00,114.152755369,114.157718748,114.14779199,114.148784666,28152
2021-06-21 15:05:00,114.165461619,114.165461619,114.149876609,114.152755369,8559
2021-06-21 15:04:00,114.175388377,114.177572264,114.157718748,114.167546239,9103
2021-06-21 15:03:00,114.177572264,114.182535643,114.177572264,114.177572264,6263
2021-06-21 15:02:00,114.177572264,114.182535643,114.177572264,114.182535643,1560
2021-06-21 15:01:00,114.157718748,114.187399755,114.157718748,114.177572264,5322
2021-06-21 15:00:00,114.157321678,114.177572264,114.152755369,114.157718748,12369
2021-06-21 14:59:00,114.152755369,114.152755369,114.152755369,114.152755369,1325
2021-06-21 14:58:00,114.162682127,114.167645506,114.152755369,114.157718748,12857
2021-06-21 14:57:00,114.152755369,114.167645506,114.152755369,114.167645506,20813
2021-06-21 14:56:00,114.157718748,114.157718748,114.14779199,114.156229734,47415
2021-06-21 14:55:00,114.14779199,114.14779199,114.14779199,114.14779199,3704
2021-06-21 14:54:00,114.156726072,114.156726072,114.152755369,114.156229734,2185
2021-06-21 14:53:00,114.167645506,114.167645506,114.14779199,114.156229734,10449
2021-06-21 14:52:00,114.157718748,114.164667479,114.152755369,114.164667479,3743
2021-06-21 14:51:00,114.157718748,114.157718748,114.148784666,114.148784666,2324
2021-06-21 14:50:00,114.167645506,114.177472997,114.157718748,114.157718748,19543
2021-06-21 14:49:00,114.172608885,114.176083251,114.167645506,114.170623534,1513
2021-06-21 14:48:00,114.176083251,114.177572264,114.169829393,114.172608885,2291
2021-06-21 14:47:00,114.167645506,114.176579588,114.167645506,114.172608885,2593
2021-06-21 14:46:00,114.177572264,114.177572264,114.167645506,114.177472997,1096
2021-06-21 14:45:00,114.174494969,114.177572264,114.172608885,114.172608885,784
2021-06-21 14:44:00,114.167645506,114.17201328,114.167645506,114.17201328,599
2021-06-21 14:43:00,114.167645506,114.177572264,114.167645506,114.172112547,1251
2021-06-21 14:42:00,114.176083251,114.182535643,114.167645506,114.167645506,26309
2021-06-21 14:41:00,114.172608885,114.177472997,114.172608885,114.177472997,3304
2021-06-21 14:40:00,114.177572264,114.177671532,114.167645506,114.177175194,76185
2021-06-21 14:39:00,114.197326513,114.197326513,114.177572264,114.183826122,7522
2021-06-21 14:38:00,114.197425781,114.197425781,114.187499022,114.187499022,3151
2021-06-21 14:37:00,114.192462401,114.197425781,114.187499022,114.192462401,55091
2021-06-21 14:36:00,114.182535643,114.197425781,114.18184077,114.197425781,5182
2021-06-21 14:35:00,114.177572264,114.182535643,114.177572264,114.182535643,4302
2021-06-21 14:34:00,114.179359081,114.187499022,114.179359081,114.182535643,3905
2021-06-21 14:33:00,114.180351757,114.187399755,114.177572264,114.181542968,22257
2021-06-21 14:32:00,114.19007998,114.192462401,114.182535643,114.182535643,4380
2021-06-21 14:31:00,114.19047705,114.197326513,114.188094628,114.192462401,2992
2021-06-21 14:30:00,114.177870067,114.192462401,114.177870067,114.192462401,5843
2021-06-21 14:29:00,114.182535643,114.186506347,114.181245165,114.181245165,1354
2021-06-21 14:28:00,114.187499022,114.187499022,114.177572264,114.182535643,4752
2021-06-21 14:27:00,114.182535643,114.187499022,114.179756151,114.186605614,10434
2021-06-21 14:26:00,114.182535643,114.185910741,114.172608885,114.185910741,25451
2021-06-21 14:25:00,114.180252489,114.187499022,114.17856494,114.182535643,2791
2021-06-21 14:24:00,114.197425781,114.197425781,114.182535643,114.182535643,4525
2021-06-21 14:23:00,114.192462401,114.192462401,114.192462401,114.192462401,446
2021-06-21 14:22:00,114.192462401,114.195241894,114.192462401,114.195241894,1367
2021-06-21 14:21:00,114.192462401,114.197425781,114.188491698,114.192462401,2912
2021-06-21 14:20:00,114.207352539,114.207352539,114.187499022,114.187499022,13895
2021-06-21 14:19:00,114.20238916,114.207352539,114.197425781,114.207352539,3025
2021-06-21 14:18:00,114.207352539,114.207352539,114.198418456,114.207352539,7018
2021-06-21 14:17:00,114.202587695,114.207352539,114.200006738,114.207352539,4038
2021-06-21 14:16:00,114.20238916,114.207352539,114.197425781,114.197425781,5497
2021-06-21 14:15:00,114.20238916,114.207352539,114.198914794,114.207352539,27256
2021-06-21 14:14:00,114.201495751,114.207352539,114.199411132,114.207352539,5969
2021-06-21 14:13:00,114.207352539,114.207352539,114.197425781,114.207352539,4132
2021-06-21 14:12:00,114.20238916,114.207352539,114.197425781,114.207352539,3959
2021-06-21 14:11:00,114.207352539,114.207352539,114.197425781,114.207352539,1266
2021-06-21 14:10:00,114.207352539,114.207352539,114.197425781,114.207352539,2933
2021-06-21 14:09:00,114.205367187,114.207352539,114.197425781,114.207352539,3116
2021-06-21 14:08:00,114.197425781,114.207352539,114.197425781,114.207352539,5495
2021-06-21 14:07:00,114.197425781,114.197425781,114.187499022,114.187499022,1928
2021-06-21 14:06:00,114.182535643,114.197425781,114.177572264,114.197425781,5987
2021-06-21 14:05:00,114.177572264,114.187499022,114.177572264,114.187499022,2537
2021-06-21 14:04:00,114.187499022,114.187499022,114.177572264,114.180848094,2510
2021-06-21 14:03:00,114.187499022,114.187499022,114.182535643,114.187499022,3722
2021-06-21 14:02:00,114.185315136,114.187499022,114.179061278,114.187499022,5542
2021-06-21 14:01:00,114.179160546,114.187499022,114.179160546,114.182535643,15966
2021-06-21 14:00:00,114.187499022,114.187499022,114.179557616,114.187499022,2673
2021-06-21 13:59:00,114.182535643,114.187499022,114.179061278,114.183826122,2890
2021-06-21 13:58:00,114.182535643,114.187399755,114.179061278,114.179061278,3638
2021-06-21 13:57:00,114.182535643,114.187499022,114.179756151,114.187499022,2292
2021-06-21 13:56:00,114.180252489,114.187499022,114.179756151,114.179756151,6289
2021-06-21 13:55:00,114.182535643,114.186010009,114.178465672,114.182535643,1306
2021-06-21 13:54:00,114.187499022,114.192462401,114.177572264,114.177572264,4886
2021-06-21 13:53:00,114.192462401,114.192462401,114.189583642,114.192462401,1241
2021-06-21 13:52:00,114.193157275,114.196730907,114.193157275,114.196730907,2513
2021-06-21 13:51:00,114.195837499,114.19702871,114.187499022,114.187499022,2341
2021-06-21 13:50:00,114.189385106,114.195341161,114.189385106,114.192462401,1397
2021-06-21 13:49:00,114.192462401,114.192462401,114.192462401,114.192462401,626
2021-06-21 13:48:00,114.186506347,114.187499022,114.179359081,114.187499022,2299
2021-06-21 13:47:00,114.177572264,114.187399755,114.177572264,114.177572264,8808
2021-06-21 13:46:00,114.182535643,114.182535643,114.177671532,114.177671532,1840
2021-06-21 13:45:00,114.179061278,114.187399755,114.179061278,114.187399755,2218
2021-06-21 13:44:00,114.182535643,114.182535643,114.177671532,114.177671532,1459
2021-06-21 13:43:00,114.187499022,114.187499022,114.182535643,114.182535643,895
2021-06-21 13:42:00,114.197425781,114.197425781,114.177572264,114.180451024,3140
2021-06-21 13:41:00,114.192462401,114.195936767,114.187499022,114.195936767,2235
2021-06-21 13:40:00,114.181542968,114.187499022,114.181542968,114.187499022,3533
2021-06-21 13:39:00,114.182535643,114.187499022,114.177572264,114.182535643,6602
2021-06-21 13:38:00,114.177572264,114.185315136,114.177572264,114.177572264,1719
2021-06-21 13:37:00,114.179756151,114.185315136,114.179160546,114.185315136,1981
2021-06-21 13:36:00,114.185315136,114.185315136,114.185315136,114.185315136,292
2021-06-21 13:35:00,114.181741503,114.186506347,114.180748827,114.186506347,779
2021-06-21 13:34:00,114.187399755,114.187499022,114.179756151,114.182535643,1682
2021-06-21 13:33:00,114.197425781,114.197425781,114.187499022,114.187499022,3300
2021-06-21 13:32:00,114.188988036,114.192462401,114.188988036,114.192462401,1041
2021-06-21 13:31:00,114.192462401,114.192462401,114.192462401,114.192462401,389
2021-06-21 13:30:00,114.20238916,114.20238916,114.187499022,114.189385106,2203
2021-06-21 13:29:00,114.197425781,114.207253271,114.197425781,114.20238916,6055
2021-06-21 13:28:00,114.20238916,114.205764257,114.197425781,114.20238916,7011
2021-06-21 13:27:00,114.20238916,114.207352539,114.197425781,114.197425781,7261
2021-06-21 13:26:00,114.187499022,114.20238916,114.187499022,114.20238916,48559
2021-06-21 13:25:00,114.182535643,114.192462401,114.182535643,114.187499022,4416
2021-06-21 13:24:00,114.182535643,114.187499022,114.181741503,114.187499022,3704
2021-06-21 13:23:00,114.177572264,114.177572264,114.177572264,114.177572264,381
2021-06-21 13:22:00,114.177572264,114.177572264,114.172608885,114.172608885,173788
2021-06-21 13:21:00,114.177572264,114.182535643,114.172509618,114.172509618,7091
2021-06-21 13:20:00,114.177572264,114.185910741,114.177572264,114.182535643,2297
2021-06-21 13:19:00,114.174197166,114.177572264,114.167744774,114.172608885,10047
2021-06-21 13:18:00,114.177572264,114.177572264,114.170921336,114.177572264,6796
2021-06-21 13:17:00,114.179160546,114.187499022,114.172608885,114.172608885,2500
2021-06-21 13:16:00,114.192462401,114.197326513,114.187499022,114.187499022,25214
2021-06-21 13:15:00,114.188491698,114.192462401,114.188491698,114.188988036,2562
2021-06-21 13:14:00,114.197326513,114.197425781,114.19087412,114.192462401,1525
2021-06-21 13:13:00,114.197425781,114.197425781,114.187499022,114.194447753,4402
2021-06-21 13:12:00,114.191767528,114.192462401,114.187499022,114.187499022,3261
2021-06-21 13:10:00,114.187499022,114.195936767,114.187499022,114.192462401,1693
2021-06-21 13:09:00,114.192462401,114.192462401,114.192462401,114.192462401,322
2021-06-21 13:08:00,114.187499022,114.196433105,114.187499022,114.192462401,1432
2021-06-21 13:07:00,114.187499022,114.192462401,114.187499022,114.192462401,405
2021-06-21 13:06:00,114.197425781,114.20238916,114.18759829,114.192462401,6941
2021-06-21 13:05:00,114.197425781,114.20238916,114.197425781,114.20238916,1765
2021-06-21 13:04:00,114.196929443,114.207352539,114.189186571,114.197425781,4004
2021-06-21 13:03:00,114.20238916,114.20238916,114.192462401,114.192462401,1623
2021-06-21 13:02:00,114.197425781,114.197425781,114.197425781,114.197425781,57931
2021-06-21 13:01:00,114.18759829,114.192462401,114.18759829,114.192462401,2820
2021-06-21 13:00:00,114.207352539,114.207352539,114.197425781,114.197425781,9242
2021-06-21 12:59:00,114.207352539,114.213407861,114.207352539,114.207352539,1291
2021-06-21 12:58:00,114.209139355,114.217180029,114.209139355,114.212315918,952
2021-06-21 12:57:00,114.197425781,114.207352539,114.197425781,114.207352539,8893
2021-06-21 12:56:00,114.207352539,114.207451806,114.207352539,114.207352539,779
2021-06-21 12:55:00,114.212315918,114.212315918,114.207352539,114.207352539,586
2021-06-21 12:54:00,114.212315918,114.217279297,114.208841552,114.212315918,2765
2021-06-21 12:53:00,114.222242676,114.222242676,114.212315918,114.212315918,4017
2021-06-21 12:52:00,114.227206055,114.227206055,114.227206055,114.227206055,509
2021-06-21 12:51:00,114.235048194,114.235048194,114.217279297,114.222242676,10440
2021-06-21 12:50:00,114.232169434,114.232169434,114.227206055,114.227206055,11396
2021-06-21 12:49:00,114.232169434,114.237132813,114.232169434,114.232169434,2750
2021-06-21 12:48:00,114.232169434,114.235345997,114.227603125,114.231375293,2054
2021-06-21 12:47:00,114.237132813,114.237132813,114.227206055,114.232665772,35035
2021-06-21 12:46:00,114.227206055,114.237132813,114.227206055,114.237132813,7145
2021-06-21 12:45:00,114.222242676,114.227206055,114.221944873,114.227206055,5142
2021-06-21 12:44:00,114.222242676,114.227206055,114.215691016,114.227206055,37241
2021-06-21 12:43:00,114.222242676,114.222242676,114.222242676,114.222242676,1816
2021-06-21 12:42:00,114.218271973,114.227206055,114.217279297,114.227206055,18829
2021-06-21 12:41:00,114.225717041,114.225717041,114.225717041,114.225717041,561
2021-06-21 12:40:00,114.234948926,114.234948926,114.218271973,114.222242676,2372
2021-06-21 12:39:00,114.227206055,114.232169434,114.227206055,114.232169434,10441
2021-06-21 12:38:00,114.227206055,114.232169434,114.217279297,114.232169434,6578
2021-06-21 12:37:00,114.228695069,114.234154786,114.227206055,114.234154786,856
2021-06-21 12:36:00,114.237132813,114.237132813,114.227206055,114.232169434,2405
2021-06-21 12:35:00,114.237132813,114.237132813,114.227206055,114.233062842,2601
2021-06-21 12:34:00,114.242096192,114.242096192,114.232169434,114.232169434,6318
2021-06-21 12:33:00,114.242096192,114.246960304,114.242096192,114.242294727,1340
2021-06-21 12:32:00,114.247059571,114.25202295,114.238820362,114.247059571,4843
2021-06-21 12:31:00,114.237132813,114.246960304,114.237132813,114.246960304,2133
2021-06-21 12:30:00,114.232169434,114.232169434,114.232169434,114.232169434,428
2021-06-21 12:29:00,114.232665772,114.237132813,114.232169434,114.237132813,2103
2021-06-21 12:28:00,114.227206055,114.237033546,114.227206055,114.234948926,25135
2021-06-21 12:27:00,114.222242676,114.234948926,114.222242676,114.234948926,127791
2021-06-21 12:26:00,114.226213379,114.227206055,114.22164707,114.227206055,1375
2021-06-21 12:25:00,114.197425781,114.222242676,114.197425781,114.222242676,4752
2021-06-21 12:24:00,114.197525048,114.20238916,114.197525048,114.20238916,6962
2021-06-21 12:23:00,114.197425781,114.197425781,114.187499022,114.195241894,89184
2021-06-21 12:22:00,114.177572264,114.187499022,114.177572264,114.187499022,1130
2021-06-21 12:21:00,114.177572264,114.185612938,114.167645506,114.177572264,1563
2021-06-21 12:20:00,114.182535643,114.185811474,114.177572264,114.182535643,4446
2021-06-21 12:19:00,114.177572264,114.182535643,114.177572264,114.177572264,1024
2021-06-21 12:18:00,114.187499022,114.187499022,114.177572264,114.182535643,8856
2021-06-21 12:17:00,114.187499022,114.197425781,114.187499022,114.188988036,2584
2021-06-21 12:16:00,114.192462401,114.192462401,114.192462401,114.192462401,1346
2021-06-21 12:15:00,114.188988036,114.197326513,114.188392431,114.197326513,1552
2021-06-21 12:14:00,114.194447753,114.197425781,114.192462401,114.192462401,3963
2021-06-21 12:13:00,114.192462401,114.192462401,114.192462401,114.192462401,860
2021-06-21 12:12:00,114.192462401,114.197425781,114.192462401,114.192462401,572
2021-06-21 12:11:00,114.20238916,114.20238916,114.192462401,114.197425781,2711
2021-06-21 12:10:00,114.20238916,114.207352539,114.199014062,114.20238916,7620
2021-06-21 12:09:00,114.197425781,114.205863525,114.197425781,114.205863525,2860
2021-06-21 12:08:00,114.203679638,114.206955468,114.201595019,114.206955468,776
2021-06-21 12:07:00,114.197425781,114.207352539,114.197425781,114.198914794,1013
2021-06-21 12:06:00,114.207352539,114.207352539,114.201098681,114.201098681,838
2021-06-21 12:05:00,114.197425781,114.197425781,114.192462401,114.197425781,2443
2021-06-21 12:04:00,114.212315918,114.212315918,114.197425781,114.197425781,5223
2021-06-21 12:03:00,114.207352539,114.212315918,114.207352539,114.212315918,34641
2021-06-21 12:02:00,114.20238916,114.20238916,114.20238916,114.20238916,740
2021-06-21 12:01:00,114.201396484,114.207352539,114.197425781,114.20238916,2684
2021-06-21 12:00:00,114.212315918,114.212315918,114.207352539,114.207352539,19251
2021-06-21 11:59:00,114.213407861,114.217279297,114.208841552,114.217279297,2784
2021-06-21 11:58:00,114.217279297,114.217279297,114.212514453,114.212514453,5079
2021-06-21 11:57:00,114.217279297,114.225022168,114.217279297,114.217279297,4585
2021-06-21 11:56:00,114.217378564,114.225022168,114.217279297,114.222242676,3713
2021-06-21 11:55:00,114.226213379,114.227206055,114.222242676,114.222242676,1970
2021-06-21 11:54:00,114.217378564,114.227106787,114.217378564,114.227106787,364
2021-06-21 11:53:00,114.20238916,114.222242676,114.20238916,114.222242676,4322
2021-06-21 11:52:00,114.217279297,114.217279297,114.197425781,114.207352539,30509
2021-06-21 11:51:00,114.217279297,114.227206055,114.217279297,114.225022168,11692
2021-06-21 11:50:00,114.219463184,114.226213379,114.217279297,114.217279297,3616
2021-06-21 11:49:00,114.211025439,114.217279297,114.211025439,114.217279297,1649
2021-06-21 11:48:00,114.217378564,114.217378564,114.217180029,114.217279297,1825
2021-06-21 11:47:00,114.222242676,114.222242676,114.217279297,114.222242676,865
2021-06-21 11:46:00,114.217180029,114.222044141,114.209437158,114.222044141,870
2021-06-21 11:45:00,114.217279297,114.217279297,114.207352539,114.212315918,5968
2021-06-21 11:44:00,114.222242676,114.222242676,114.217279297,114.217279297,1858
2021-06-21 11:43:00,114.217279297,114.226213379,114.217279297,114.226213379,2472
2021-06-21 11:42:00,114.207352539,114.217279297,114.207352539,114.217279297,2848
2021-06-21 11:41:00,114.207352539,114.208841552,114.207253271,114.208841552,3162
2021-06-21 11:40:00,114.207352539,114.217279297,114.207352539,114.217279297,2072
2021-06-21 11:39:00,114.20238916,114.217279297,114.20238916,114.217279297,2129
2021-06-21 11:38:00,114.207352539,114.207352539,114.197425781,114.197425781,4790
2021-06-21 11:37:00,114.197425781,114.206359863,114.197425781,114.206359863,3032
2021-06-21 11:36:00,114.207352539,114.207352539,114.197425781,114.197425781,1245
2021-06-21 11:35:00,114.212315918,114.212315918,114.199609667,114.199609667,1423
2021-06-21 11:34:00,114.217279297,114.217279297,114.20238916,114.207352539,13018
2021-06-21 11:33:00,114.212315918,114.217279297,114.207352539,114.217279297,6715
2021-06-21 11:32:00,114.207352539,114.217279297,114.207352539,114.217279297,11468
2021-06-21 11:31:00,114.242096192,114.244875685,114.207352539,114.212315918,4954
2021-06-21 11:30:00,114.256688527,114.256688527,114.237132813,114.237132813,19190
2021-06-21 11:29:00,114.247059571,114.256986329,114.247059571,114.25202295,2732
2021-06-21 11:28:00,114.247059571,114.256986329,114.242096192,114.256986329,4781
2021-06-21 11:27:00,114.256986329,114.256986329,114.247059571,114.247059571,1027
2021-06-21 11:26:00,114.276542043,114.276542043,114.25202295,114.25202295,7292
2021-06-21 11:25:00,114.268600637,114.276839846,114.268600637,114.276839846,1008
2021-06-21 11:24:00,114.269593312,114.274953762,114.269593312,114.274655959,2519
2021-06-21 11:23:00,114.271876467,114.271876467,114.266913088,114.266913088,673
2021-06-21 11:22:00,114.256986329,114.266913088,114.256986329,114.266913088,19018
2021-06-21 11:21:00,114.255497316,114.262545314,114.255497316,114.262545314,4076
2021-06-21 11:20:00,114.265324806,114.265324806,114.256986329,114.256986329,3903
2021-06-21 11:19:00,114.266913088,114.271876467,114.256986329,114.261949709,3359
2021-06-21 11:18:00,114.261949709,114.276839846,114.261949709,114.276839846,8619
2021-06-21 11:17:00,114.25202295,114.256986329,114.25202295,114.256986329,1116
2021-06-21 11:16:00,114.248548585,114.252618556,114.248548585,114.252618556,1057
2021-06-21 11:15:00,114.255497316,114.256986329,114.247059571,114.252519288,4273
2021-06-21 11:14:00,114.247059571,114.25202295,114.247059571,114.25202295,1262
2021-06-21 11:13:00,114.238721094,114.256390724,114.238721094,114.256390724,3920
2021-06-21 11:12:00,114.247059571,114.247059571,114.2393167,114.242096192,2861
2021-06-21 11:11:00,114.237132813,114.239614503,114.237132813,114.239614503,522
2021-06-21 11:10:00,114.244776417,114.244776417,114.237132813,114.242096192,3718
2021-06-21 11:09:00,114.242096192,114.247059571,114.237132813,114.247059571,2380
2021-06-21 11:08:00,114.232169434,114.237132813,114.227206055,114.237132813,2684
2021-06-21 11:07:00,114.230184082,114.237132813,114.227206055,114.227206055,22347
2021-06-21 11:06:00,114.233062842,114.237132813,114.233062842,114.237132813,7512
2021-06-21 11:05:00,114.222242676,114.232169434,114.222242676,114.232169434,2774
2021-06-21 11:04:00,114.222242676,114.224327295,114.217279297,114.224327295,2644
2021-06-21 11:03:00,114.207352539,114.222242676,114.207352539,114.2175771,16064
2021-06-21 11:02:00,114.207352539,114.207352539,114.197425781,114.202587695,3875
2021-06-21 11:01:00,114.210330566,114.217279297,114.207352539,114.207352539,3179
2021-06-21 11:00:00,114.207352539,114.214896875,114.20238916,114.214896875,34458
2021-06-21 10:59:00,114.212315918,114.212315918,114.197425781,114.198120654,10585
2021-06-21 10:58:00,114.207352539,114.217279297,114.207352539,114.217279297,7289
2021-06-21 10:57:00,114.225220703,114.225220703,114.207352539,114.212315918,3141
2021-06-21 10:56:00,114.217279297,114.225022168,114.217279297,114.222242676,4930
2021-06-21 10:55:00,114.197425781,114.222242676,114.197425781,114.217279297,3700
2021-06-21 10:54:00,114.182535643,114.192462401,114.182535643,114.187499022,8990
2021-06-21 10:53:00,114.187499022,114.187499022,114.182535643,114.187499022,1379
2021-06-21 10:52:00,114.187499022,114.187499022,114.182535643,114.182535643,1832
2021-06-21 10:51:00,114.187499022,114.19335581,114.182535643,114.187499022,2787
2021-06-21 10:50:00,114.167645506,114.182535643,114.167645506,114.177572264,15385
2021-06-21 10:49:00,114.177572264,114.177572264,114.160696775,114.160696775,3936
2021-06-21 10:48:00,114.177572264,114.186010009,114.177572264,114.186010009,853
2021-06-21 10:47:00,114.197326513,114.197326513,114.177572264,114.177572264,1618
2021-06-21 10:46:00,114.197425781,114.207352539,114.187499022,114.19663164,5017
2021-06-21 10:45:00,114.188988036,114.197425781,114.187499022,114.197425781,7954
2021-06-21 10:44:00,114.192462401,114.192462401,114.192462401,114.192462401,569
2021-06-21 10:43:00,114.189682909,114.207352539,114.189682909,114.197425781,9713
2021-06-21 10:42:00,114.197425781,114.204374511,114.188988036,114.188988036,9977
2021-06-21 10:41:00,114.182535643,114.197425781,114.182535643,114.189484374,66161
2021-06-21 10:40:00,114.177572264,114.187499022,114.172608885,114.180649559,9785
2021-06-21 10:39:00,114.169829393,114.172608885,114.169829393,114.172608885,8203
2021-06-21 10:38:00,114.172608885,114.177472997,114.16913452,114.16913452,1161
2021-06-21 10:37:00,114.162682127,114.176579588,114.157718748,114.168042576,6001
2021-06-21 10:36:00,114.152755369,114.167645506,114.152755369,114.16665283,6065
2021-06-21 10:35:00,114.157718748,114.157718748,114.14779199,114.148784666,5539
2021-06-21 10:34:00,114.157718748,114.167645506,114.157718748,114.157718748,11553
2021-06-21 10:33:00,114.162682127,114.162682127,114.157718748,114.159902635,4542
2021-06-21 10:32:00,114.157718748,114.167645506,114.157718748,114.162682127,2390
2021-06-21 10:31:00,114.157718748,114.157718748,114.14779199,114.147891257,1072
2021-06-21 10:30:00,114.142828611,114.162682127,114.132901853,114.157718748,21105
2021-06-21 10:29:00,114.132901853,114.142828611,114.13012236,114.142828611,25882
2021-06-21 10:28:00,114.132901853,114.132901853,114.132901853,114.132901853,1664
2021-06-21 10:27:00,114.121287546,114.137865232,114.121287546,114.131214304,2223
2021-06-21 10:26:00,114.135085739,114.135085739,114.127938474,114.127938474,14154
2021-06-21 10:25:00,114.132901853,114.137468161,114.128633347,114.131015769,6431
2021-06-21 10:24:00,114.14779199,114.14779199,114.127938474,114.132901853,114208
2021-06-21 10:23:00,114.162682127,114.177572264,114.157718748,114.157718748,140774
2021-06-21 10:22:00,114.152755369,114.167645506,114.14779199,114.162682127,6210
2021-06-21 10:21:00,114.147692722,114.14779199,114.142828611,114.14779199,2771
2021-06-21 10:20:00,114.118011715,114.137865232,114.118011715,114.137865232,1336
2021-06-21 10:19:00,114.122975094,114.122975094,114.111857125,114.111857125,8534
2021-06-21 10:18:00,114.122975094,114.123372165,114.118011715,114.118011715,11991
2021-06-21 10:17:00,114.118011715,114.118011715,114.113048336,114.118011715,2851
2021-06-21 10:16:00,114.137865232,114.137865232,114.127938474,114.127938474,6761
2021-06-21 10:15:00,114.127938474,114.137865232,114.108084957,114.127938474,65874
2021-06-21 10:14:00,114.137865232,114.137865232,114.118011715,114.119897799,18600
2021-06-21 10:13:00,114.142828611,114.143722019,114.137865232,114.137865232,1203
2021-06-21 10:12:00,114.126151657,114.137865232,114.126151657,114.137865232,2676
2021-06-21 10:11:00,114.127938474,114.127938474,114.118011715,114.127938474,12807
2021-06-21 10:10:00,114.127938474,114.136376218,114.127938474,114.127938474,17442
2021-06-21 10:09:00,114.118011715,114.137865232,114.113048336,114.127938474,27709
2021-06-21 10:08:00,114.098158199,114.118011715,114.09319482,114.118011715,93654
2021-06-21 10:07:00,114.098158199,114.108084957,114.088231441,114.108084957,2818
2021-06-21 10:06:00,114.098158199,114.108084957,114.09319482,114.098158199,5037
2021-06-21 10:05:00,114.087933638,114.098158199,114.087933638,114.098158199,1590
2021-06-21 10:04:00,114.088231441,114.09319482,114.079297359,114.083268062,4402
2021-06-21 10:03:00,114.09319482,114.098158199,114.088231441,114.096172847,12568
2021-06-21 10:02:00,114.108084957,114.108084957,114.088231441,114.09319482,18226
2021-06-21 10:01:00,114.118110983,114.122975094,114.099647213,114.108084957,22597
2021-06-21 10:00:00,114.137865232,114.137865232,114.118011715,114.122975094,15487
2021-06-21 09:59:00,114.139751316,114.157718748,114.138857907,114.142828611,14998
2021-06-21 09:58:00,114.14779199,114.14779199,114.144813962,114.14779199,4753
2021-06-21 09:57:00,114.150273679,114.152755369,114.142828611,114.14779199,12227
2021-06-21 09:56:00,114.14779199,114.152755369,114.137865232,114.14779199,24974
2021-06-21 09:55:00,114.137865232,114.142828611,114.127938474,114.142828611,38526
2021-06-21 09:54:00,114.14779199,114.152755369,114.137865232,114.137865232,26876
2021-06-21 09:53:00,114.157718748,114.157718748,114.14779199,114.14779199,146951
2021-06-21 09:52:00,114.157718748,114.167645506,114.14779199,114.14779199,48386
2021-06-21 09:51:00,114.157718748,114.167645506,114.157718748,114.1597041,83126
2021-06-21 09:50:00,114.182535643,114.182535643,114.162682127,114.162682127,28718
2021-06-21 09:49:00,114.177572264,114.187499022,114.177572264,114.187499022,3963
2021-06-21 09:48:00,114.177572264,114.182535643,114.172608885,114.177572264,29311
2021-06-21 09:47:00,114.167645506,114.177572264,114.167645506,114.177572264,20359
2021-06-21 09:46:00,114.167645506,114.173800096,114.167645506,114.172608885,9673
2021-06-21 09:45:00,114.177572264,114.177572264,114.167645506,114.167645506,19301
2021-06-21 09:44:00,114.187499022,114.187499022,114.172608885,114.172608885,15868
2021-06-21 09:43:00,114.182535643,114.192462401,114.177572264,114.187499022,13784
2021-06-21 09:42:00,114.187499022,114.192462401,114.177572264,114.182535643,3765
2021-06-21 09:41:00,114.197425781,114.207352539,114.177572264,114.187499022,9459
2021-06-21 09:40:00,114.217279297,114.217279297,114.197425781,114.197425781,126457
2021-06-21 09:39:00,114.227206055,114.227206055,114.217279297,114.222242676,2451
2021-06-21 09:38:00,114.227206055,114.232169434,114.227206055,114.227206055,13549
2021-06-21 09:37:00,114.227206055,114.227206055,114.217279297,114.227206055,6697
2021-06-21 09:36:00,114.227206055,114.227206055,114.217279297,114.222242676,15537
2021-06-21 09:35:00,114.217279297,114.227206055,114.216584424,114.227206055,33720
2021-06-21 09:34:00,114.234254053,114.234254053,114.214996142,114.214996142,1540
2021-06-21 09:33:00,114.197425781,114.227206055,114.192462401,114.227206055,8490
2021-06-21 09:32:00,114.227206055,114.227206055,114.207253271,114.217279297,17085
2021-06-21 09:31:00,114.217279297,114.237132813,114.207352539,114.227206055,171514
2021-06-18 16:35:00,114.495228525,114.495228525,114.495228525,114.495228525,1000
2021-06-18 16:17:00,114.465448251,114.465448251,114.465448251,114.465448251,1762
2021-06-18 16:01:00,114.445594734,114.445594734,114.445594734,114.445594734,1768
2021-06-18 16:00:00,114.480338388,114.480933993,114.445594734,114.445594734,97131
2021-06-18 15:59:00,114.47041163,114.485301767,114.468426278,114.480338388,21020
2021-06-18 15:58:00,114.440631355,114.465448251,114.435667976,114.465448251,64684
2021-06-18 15:57:00,114.435667976,114.441127693,114.435667976,114.435667976,8395
2021-06-18 15:56:00,114.450558113,114.455521493,114.435667976,114.435667976,47774
2021-06-18 15:55:00,114.455521493,114.455521493,114.447679354,114.450558113,14015
2021-06-18 15:54:00,114.450558113,114.455521493,114.445594734,114.447282283,6097
2021-06-18 15:53:00,114.454032479,114.455521493,114.450558113,114.450558113,8597
2021-06-18 15:52:00,114.450558113,114.455521493,114.445594734,114.455521493,33778
2021-06-18 15:51:00,114.450558113,114.455521493,114.447778621,114.450558113,9493
2021-06-18 15:50:00,114.447381551,114.455521493,114.447381551,114.450558113,2825
2021-06-18 15:49:00,114.450558113,114.450558113,114.450558113,114.450558113,1710
2021-06-18 15:48:00,114.450558113,114.455521493,114.445594734,114.445594734,7723
2021-06-18 15:47:00,114.453734676,114.455521493,114.447480818,114.450558113,2231
2021-06-18 15:46:00,114.453337606,114.455521493,114.445694002,114.455521493,4911
2021-06-18 15:45:00,114.455521493,114.455521493,114.450558113,114.455521493,2411
2021-06-18 15:44:00,114.450558113,114.455521493,114.450558113,114.455521493,2463
2021-06-18 15:43:00,114.435667976,114.455521493,114.430704597,114.445594734,12311
2021-06-18 15:42:00,114.435667976,114.445495467,114.430704597,114.435667976,7662
2021-06-18 15:41:00,114.425741218,114.430704597,114.41581446,114.429711921,19623
2021-06-18 15:40:00,114.425741218,114.435568709,114.425741218,114.430704597,6056
2021-06-18 15:39:00,114.425741218,114.425741218,114.417700544,114.425741218,6221
2021-06-18 15:38:00,114.455422225,114.455521493,114.425741218,114.425741218,26354
2021-06-18 15:37:00,114.445594734,114.455521493,114.445594734,114.453536141,21064
2021-06-18 15:36:00,114.455521493,114.455521493,114.436561384,114.436561384,9964
2021-06-18 15:35:00,114.435667976,114.455521493,114.435667976,114.455521493,14205
2021-06-18 15:34:00,114.435667976,114.442616707,114.435667976,114.440631355,11543
2021-06-18 15:33:00,114.460484872,114.460484872,114.435667976,114.438447468,20569
2021-06-18 15:32:00,114.460484872,114.465448251,114.455521493,114.465448251,16873
2021-06-18 15:31:00,114.455521493,114.465448251,114.455521493,114.457705379,5206
2021-06-18 15:30:00,114.455521493,114.465448251,114.450558113,114.465448251,30595
2021-06-18 15:29:00,114.450558113,114.455521493,114.450558113,114.450558113,3514
2021-06-18 15:28:00,114.450558113,114.455521493,114.44658741,114.447778621,11585
2021-06-18 15:27:00,114.453536141,114.455521493,114.450359578,114.450359578,7702
2021-06-18 15:26:00,114.455521493,114.455521493,114.44619034,114.450558113,3282
2021-06-18 15:25:00,114.445594734,114.455521493,114.445594734,114.455521493,3257
2021-06-18 15:24:00,114.455521493,114.455521493,114.450558113,114.455521493,8028
2021-06-18 15:23:00,114.454032479,114.455521493,114.450558113,114.450558113,4204
2021-06-18 15:22:00,114.445594734,114.455521493,114.445594734,114.447381551,20443
2021-06-18 15:21:00,114.455521493,114.455521493,114.445594734,114.455422225,2896
2021-06-18 15:20:00,114.450161043,114.455521493,114.445594734,114.455521493,9013
2021-06-18 15:19:00,114.450558113,114.451252987,114.445594734,114.450558113,20873
2021-06-18 15:18:00,114.445594734,114.455521493,114.445594734,114.450558113,9790
2021-06-18 15:17:00,114.453833944,114.455521493,114.446091072,114.453337606,2405
2021-06-18 15:16:00,114.430704597,114.455521493,114.430704597,114.455521493,34429
2021-06-18 15:15:00,114.425741218,114.435667976,114.425741218,114.430704597,5756
2021-06-18 15:14:00,114.41581446,114.425741218,114.410851081,114.420777839,7555
2021-06-18 15:13:00,114.40678111,114.41581446,114.40678111,114.410851081,3623
2021-06-18 15:12:00,114.41581446,114.41581446,114.405887702,114.410851081,2659
2021-06-18 15:11:00,114.405887702,114.41581446,114.405887702,114.41581446,5409
2021-06-18 15:10:00,114.395960944,114.414027643,114.38792027,114.405887702,21320
2021-06-18 15:09:00,114.395663141,114.395960944,114.388019537,114.393280719,7115
2021-06-18 15:08:00,114.390997565,114.395960944,114.387622467,114.387622467,3291
2021-06-18 15:07:00,114.400924323,114.404895026,114.386034185,114.390997565,9972
2021-06-18 15:06:00,114.395960944,114.400924323,114.392486578,114.400924323,5561
2021-06-18 15:05:00,114.386530523,114.395960944,114.386530523,114.390997565,10523
2021-06-18 15:04:00,114.395960944,114.400924323,114.386034185,114.390997565,7217
2021-06-18 15:03:00,114.405788434,114.405887702,114.400924323,114.400924323,1370
2021-06-18 15:02:00,114.395960944,114.405887702,114.395960944,114.405887702,4165
2021-06-18 15:01:00,114.405887702,114.405887702,114.395960944,114.395960944,6728
2021-06-18 15:00:00,114.41581446,114.425741218,114.395960944,114.405887702,13147
2021-06-18 14:59:00,114.405887702,114.435667976,114.405887702,114.405887702,48915
2021-06-18 14:58:00,114.406284772,114.413630573,114.400924323,114.402711139,2493
2021-06-18 14:57:00,114.395960944,114.415715192,114.395960944,114.405887702,29883
2021-06-18 14:56:00,114.405887702,114.405887702,114.390997565,114.395960944,24803
2021-06-18 14:55:00,114.420777839,114.420777839,114.405986969,114.405986969,3072
2021-06-18 14:54:00,114.41581446,114.424252204,114.41581446,114.424252204,5241
2021-06-18 14:53:00,114.425741218,114.425741218,114.41581446,114.41581446,7135
2021-06-18 14:52:00,114.420777839,114.420777839,114.41581446,114.41581446,18619
2021-06-18 14:51:00,114.425741218,114.425741218,114.41581446,114.425741218,4107
2021-06-18 14:50:00,114.426733894,114.426733894,114.422763191,114.422763191,1670
2021-06-18 14:49:00,114.435667976,114.445594734,114.425741218,114.435667976,15722
2021-06-18 14:48:00,114.421770515,114.435667976,114.420777839,114.427627302,11609
2021-06-18 14:47:00,114.41581446,114.425741218,114.41581446,114.425741218,4914
2021-06-18 14:46:00,114.41581446,114.423557331,114.410851081,114.423557331,12624
2021-06-18 14:45:00,114.41581446,114.41581446,114.410851081,114.41581446,5081
2021-06-18 14:44:00,114.420777839,114.425741218,114.395960944,114.410851081,25580
2021-06-18 14:43:00,114.418097614,114.425741218,114.41581446,114.425741218,16072
2021-06-18 14:42:00,114.440631355,114.440631355,114.425741218,114.425741218,48507
2021-06-18 14:41:00,114.425741218,114.445594734,114.425741218,114.445594734,36282
2021-06-18 14:40:00,114.425741218,114.425741218,114.420777839,114.420777839,3845
2021-06-18 14:39:00,114.435667976,114.435667976,114.430704597,114.430704597,3215
2021-06-18 14:38:00,114.429910456,114.430704597,114.429910456,114.430704597,345
2021-06-18 14:37:00,114.424053669,114.430704597,114.420777839,114.430704597,3658
2021-06-18 14:36:00,114.430704597,114.430704597,114.425741218,114.425741218,3197
2021-06-18 14:35:00,114.420777839,114.430704597,114.41581446,114.430704597,5771
2021-06-18 14:34:00,114.425741218,114.425741218,114.41581446,114.41581446,6254
2021-06-18 14:33:00,114.420777839,114.435667976,114.41581446,114.420777839,6327
2021-06-18 14:32:00,114.425741218,114.430704597,114.41581446,114.420777839,5130
2021-06-18 14:31:00,114.414921052,114.43388116,114.410851081,114.43388116,15523
2021-06-18 14:30:00,114.435667976,114.435667976,114.41581446,114.41581446,6753
2021-06-18 14:29:00,114.427230232,114.430704597,114.427230232,114.430704597,1469
2021-06-18 14:28:00,114.425741218,114.430704597,114.425741218,114.427925105,2831
2021-06-18 14:27:00,114.430704597,114.433186287,114.41581446,114.425741218,29280
2021-06-18 14:26:00,114.455521493,114.455521493,114.435568709,114.435568709,1171
2021-06-18 14:25:00,114.452543465,114.452543465,114.435667976,114.448771297,8719
2021-06-18 14:24:00,114.455521493,114.455521493,114.445594734,114.450558113,9537
2021-06-18 14:23:00,114.435667976,114.455521493,114.435667976,114.455521493,12976
2021-06-18 14:22:00,114.425741218,114.455521493,114.417502009,114.435667976,43445
2021-06-18 14:21:00,114.433186287,114.445594734,114.425741218,114.435667976,7543
2021-06-18 14:20:00,114.440631355,114.440631355,114.435667976,114.435667976,2080
2021-06-18 14:19:00,114.41581446,114.435667976,114.41581446,114.435667976,1775
2021-06-18 14:18:00,114.430704597,114.435568709,114.410851081,114.41581446,12144
2021-06-18 14:17:00,114.430704597,114.443410848,114.425741218,114.4346753,19996
2021-06-18 14:16:00,114.447083748,114.447083748,114.41581446,114.425741218,34103
2021-06-18 14:15:00,114.455124422,114.460484872,114.445594734,114.445594734,8113
2021-06-18 14:14:00,114.455521493,114.460484872,114.445694002,114.450558113,29817
2021-06-18 14:13:00,114.455521493,114.465448251,114.455521493,114.460484872,5562
2021-06-18 14:12:00,114.465448251,114.47041163,114.45849952,114.460484872,9035
2021-06-18 14:11:00,114.47041163,114.475375009,114.465448251,114.465448251,3418
2021-06-18 14:10:00,114.475375009,114.475375009,114.465448251,114.467433602,8565
2021-06-18 14:09:00,114.47041163,114.475375009,114.468426278,114.475375009,8783
2021-06-18 14:08:00,114.47041163,114.475375009,114.465448251,114.47041163,23317
2021-06-18 14:07:00,114.465448251,114.475375009,114.460484872,114.47041163,4071
2021-06-18 14:06:00,114.445594734,114.465448251,114.445594734,114.460484872,20865
2021-06-18 14:05:00,114.445594734,114.445594734,114.445495467,114.445594734,2050
2021-06-18 14:04:00,114.453337606,114.453337606,114.438646004,114.440631355,2984
2021-06-18 14:03:00,114.447381551,114.455521493,114.445594734,114.450558113,14341
2021-06-18 14:02:00,114.445594734,114.453337606,114.445594734,114.453337606,680
2021-06-18 14:01:00,114.440631355,114.447381551,114.436660652,114.447381551,6468
2021-06-18 14:00:00,114.440631355,114.443609383,114.435667976,114.435767244,1675
2021-06-18 13:59:00,114.445594734,114.445594734,114.443510115,114.445594734,10430
2021-06-18 13:58:00,114.436164314,114.442815242,114.435667976,114.440631355,8636
2021-06-18 13:57:00,114.435667976,114.440631355,114.435667976,114.440631355,855
2021-06-18 13:56:00,114.435667976,114.435767244,114.435667976,114.435667976,6949
2021-06-18 13:55:00,114.41581446,114.445594734,114.41581446,114.445594734,4619
2021-06-18 13:54:00,114.400924323,114.41581446,114.400924323,114.41581446,4310
2021-06-18 13:53:00,114.41581446,114.420777839,114.396953619,114.404895026,12671
2021-06-18 13:52:00,114.407972321,114.412042292,114.405887702,114.40638404,1788
2021-06-18 13:51:00,114.420777839,114.420777839,114.410851081,114.414821784,2705
2021-06-18 13:50:00,114.425741218,114.433781892,114.42564195,114.42564195,4635
2021-06-18 13:49:00,114.425741218,114.425741218,114.41581446,114.425741218,5653
2021-06-18 13:48:00,114.435667976,114.435667976,114.41621153,114.41621153,13432
2021-06-18 13:47:00,114.440631355,114.445594734,114.428917781,114.428917781,17945
2021-06-18 13:46:00,114.445594734,114.445594734,114.435667976,114.445197664,2782
2021-06-18 13:45:00,114.445594734,114.445594734,114.435667976,114.440631355,12691
2021-06-18 13:44:00,114.435667976,114.445594734,114.435667976,114.440631355,2137
2021-06-18 13:43:00,114.445495467,114.445495467,114.438646004,114.438646004,2044
2021-06-18 13:42:00,114.420777839,114.435667976,114.420777839,114.435667976,1449
2021-06-18 13:41:00,114.420777839,114.423755866,114.41581446,114.41581446,2131
2021-06-18 13:40:00,114.41581446,114.425741218,114.41581446,114.41581446,22294
2021-06-18 13:39:00,114.410851081,114.41581446,114.407575251,114.410454011,7533
2021-06-18 13:38:00,114.405887702,114.41581446,114.402810407,114.410851081,3421
2021-06-18 13:37:00,114.394968268,114.395960944,114.394968268,114.395960944,1814
2021-06-18 13:36:00,114.390997565,114.390997565,114.390997565,114.390997565,954
2021-06-18 13:35:00,114.390997565,114.395960944,114.389012213,114.390997565,13203
2021-06-18 13:34:00,114.386034185,114.395960944,114.386034185,114.395960944,3551
2021-06-18 13:33:00,114.390997565,114.395960944,114.390997565,114.395861676,1811
2021-06-18 13:32:00,114.390997565,114.395960944,114.386034185,114.386034185,1081
2021-06-18 13:31:00,114.386034185,114.395960944,114.376107427,114.394968268,39204
2021-06-18 13:30:00,114.376107427,114.386034185,114.376107427,114.381070806,4755
2021-06-18 13:29:00,114.381070806,114.381070806,114.376107427,114.376107427,23992
2021-06-18 13:28:00,114.376107427,114.384445904,114.376107427,114.376107427,5584
2021-06-18 13:27:00,114.381070806,114.384445904,114.376107427,114.376107427,3327
2021-06-18 13:26:00,114.371144048,114.386034185,114.368066753,114.386034185,19470
2021-06-18 13:25:00,114.381765679,114.381765679,114.376107427,114.376107427,5874
2021-06-18 13:24:00,114.376107427,114.384545172,114.376107427,114.384545172,6109
2021-06-18 13:23:00,114.381070806,114.381070806,114.371144048,114.371144048,1881
2021-06-18 13:22:00,114.371144048,114.378192047,114.367669683,114.376107427,8573
2021-06-18 13:21:00,114.366180669,114.376107427,114.366180669,114.372037456,13795
2021-06-18 13:20:00,114.356253911,114.366180669,114.351290532,114.366081402,7656
2021-06-18 13:19:00,114.356154643,114.366180669,114.356154643,114.36121729,4111
2021-06-18 13:18:00,114.349007378,114.356253911,114.349007378,114.351290532,2548
2021-06-18 13:17:00,114.36121729,114.36121729,114.346327153,114.346327153,846
2021-06-18 13:16:00,114.356253911,114.365585064,114.356253911,114.365585064,1629
2021-06-18 13:15:00,114.347816167,114.355261235,114.346327153,114.34930518,2378
2021-06-18 13:14:00,114.356253911,114.366180669,114.346327153,114.351290532,40378
2021-06-18 13:13:00,114.36121729,114.363996782,114.34851104,114.356253911,27214
2021-06-18 13:12:00,114.359430474,114.361812896,114.357742925,114.357742925,1026
2021-06-18 13:11:00,114.351290532,114.356253911,114.351290532,114.356253911,8511
2021-06-18 13:10:00,114.356253911,114.356253911,114.346327153,114.351290532,4532
2021-06-18 13:09:00,114.36121729,114.363996782,114.351290532,114.356253911,4254
2021-06-18 13:08:00,114.36121729,114.366180669,114.356253911,114.366180669,11750
2021-06-18 13:06:00,114.366180669,114.366180669,114.36121729,114.36121729,841
2021-06-18 13:05:00,114.364393853,114.371144048,114.36121729,114.366180669,1792
2021-06-18 13:04:00,114.36121729,114.365287261,114.356253911,114.356253911,6098
2021-06-18 13:03:00,114.36121729,114.361912163,114.36121729,114.36121729,506
2021-06-18 13:02:00,114.366180669,114.366180669,114.356353179,114.363996782,1313
2021-06-18 13:01:00,114.366180669,114.371144048,114.36121729,114.36121729,3683
2021-06-18 13:00:00,114.367669683,114.371144048,114.366180669,114.371144048,2230
2021-06-18 12:59:00,114.356253911,114.366180669,114.356253911,114.366180669,3123
2021-06-18 12:58:00,114.366180669,114.366180669,114.351290532,114.356353179,45809
2021-06-18 12:57:00,114.376107427,114.376107427,114.366180669,114.371144048,3818
2021-06-18 12:56:00,114.376107427,114.376107427,114.366180669,114.36697481,9664
2021-06-18 12:55:00,114.376107427,114.376107427,114.371144048,114.3731294,897
2021-06-18 12:54:00,114.371144048,114.376107427,114.366180669,114.368265288,15694
2021-06-18 12:53:00,114.366180669,114.371144048,114.366180669,114.367669683,8044
2021-06-18 12:52:00,114.367173345,114.376107427,114.366279937,114.371144048,2374
2021-06-18 12:51:00,114.371144048,114.376107427,114.371144048,114.371144048,2224
2021-06-18 12:50:00,114.36121729,114.366180669,114.36121729,114.366180669,1379
2021-06-18 12:49:00,114.379780328,114.379780328,114.36121729,114.36121729,3709
2021-06-18 12:48:00,114.376107427,114.381070806,114.371144048,114.381070806,8056
2021-06-18 12:47:00,114.367669683,114.373625738,114.367471148,114.371144048,4667
2021-06-18 12:46:00,114.376107427,114.382857623,114.367669683,114.376107427,4941
2021-06-18 12:45:00,114.386034185,114.386034185,114.376107427,114.376107427,4158
2021-06-18 12:44:00,114.386034185,114.386034185,114.376206695,114.38216275,3997
2021-06-18 12:43:00,114.368066753,114.386034185,114.368066753,114.381070806,6222
2021-06-18 12:42:00,114.376107427,114.386034185,114.366180669,114.371144048,21223
2021-06-18 12:41:00,114.366180669,114.371144048,114.366180669,114.371144048,3735
2021-06-18 12:40:00,114.374419878,114.374419878,114.37064771,114.37064771,1528
2021-06-18 12:39:00,114.374419878,114.376107427,114.374419878,114.376107427,837
2021-06-18 12:38:00,114.375114751,114.376107427,114.371144048,114.371144048,4524
2021-06-18 12:37:00,114.36121729,114.37600816,114.35794146,114.37600816,5512
2021-06-18 12:36:00,114.367669683,114.367669683,114.356253911,114.366180669,4832
2021-06-18 12:35:00,114.366180669,114.371144048,114.36121729,114.371144048,5207
2021-06-18 12:34:00,114.375114751,114.375114751,114.371144048,114.373923541,1125
2021-06-18 12:33:00,114.381070806,114.383056158,114.367669683,114.375214019,4984
2021-06-18 12:32:00,114.376107427,114.386034185,114.366180669,114.381070806,25160
2021-06-18 12:31:00,114.381070806,114.38543858,114.376206695,114.38543858,4892
2021-06-18 12:30:00,114.371144048,114.386034185,114.366180669,114.376107427,5326
2021-06-18 12:29:00,114.366180669,114.376107427,114.366180669,114.376107427,5378
2021-06-18 12:28:00,114.371144048,114.376107427,114.366180669,114.371144048,13600
2021-06-18 12:27:00,114.371144048,114.37600816,114.366776275,114.37600816,884
2021-06-18 12:26:00,114.376107427,114.376107427,114.371144048,114.371144048,1415
2021-06-18 12:25:00,114.376107427,114.384644439,114.376107427,114.381070806,8428
2021-06-18 12:24:00,114.381070806,114.381070806,114.376107427,114.381070806,1072
2021-06-18 12:23:00,114.376107427,114.386034185,114.371144048,114.38504151,7537
2021-06-18 12:22:00,114.376107427,114.38504151,114.376107427,114.376107427,2638
2021-06-18 12:21:00,114.386034185,114.386034185,114.376107427,114.376107427,1243
2021-06-18 12:20:00,114.376107427,114.376603765,114.376107427,114.376603765,1045
2021-06-18 12:19:00,114.371144048,114.376107427,114.356253911,114.371144048,18250
2021-06-18 12:18:00,114.379085455,114.379085455,114.366180669,114.366180669,1608
2021-06-18 12:17:00,114.388218072,114.392883649,114.376107427,114.376107427,8943
2021-06-18 12:16:00,114.393975592,114.395960944,114.386034185,114.395960944,3262
2021-06-18 12:15:00,114.386034185,114.395960944,114.386034185,114.395960944,1593
2021-06-18 12:14:00,114.386034185,114.389012213,114.381070806,114.386034185,10259
2021-06-18 12:13:00,114.386034185,114.386034185,114.376107427,114.386034185,4178
2021-06-18 12:12:00,114.376107427,114.390997565,114.376107427,114.390997565,3972
2021-06-18 12:11:00,114.369158697,114.376107427,114.368066753,114.375114751,1422
2021-06-18 12:10:00,114.371144048,114.37600816,114.369158697,114.371144048,5212
2021-06-18 12:09:00,114.356253911,114.368066753,114.356253911,114.368066753,11325
2021-06-18 12:08:00,114.356253911,114.356253911,114.351290532,114.351290532,3445
2021-06-18 12:07:00,114.366180669,114.366180669,114.361018755,114.361018755,2362
2021-06-18 12:06:00,114.383850299,114.383850299,114.366180669,114.366180669,3924
2021-06-18 12:05:00,114.356253911,114.381070806,114.356253911,114.381070806,3343
2021-06-18 12:04:00,114.356253911,114.366180669,114.356253911,114.366180669,1577
2021-06-18 12:03:00,114.341363774,114.356253911,114.341363774,114.356253911,1888
2021-06-18 12:02:00,114.339378422,114.346327153,114.339378422,114.346327153,1262
2021-06-18 12:01:00,114.336400395,114.336400395,114.331437016,114.336400395,3805
2021-06-18 12:00:00,114.331437016,114.336400395,114.331437016,114.331437016,573
2021-06-18 11:59:00,114.316546878,114.332330424,114.316546878,114.328955326,2870
2021-06-18 11:58:00,114.326473637,114.326473637,114.321510257,114.321510257,844
2021-06-18 11:57:00,114.331437016,114.331437016,114.326473637,114.331437016,12010
2021-06-18 11:56:00,114.326473637,114.336400395,114.326473637,114.331039945,5900
2021-06-18 11:55:00,114.327466312,114.33084141,114.326473637,114.33084141,7231
2021-06-18 11:54:00,114.336400395,114.341363774,114.328061918,114.331437016,4764
2021-06-18 11:53:00,114.336400395,114.346327153,114.326473637,114.346327153,47811
2021-06-18 11:52:00,114.331437016,114.336400395,114.331437016,114.333918705,857
2021-06-18 11:51:00,114.331437016,114.336400395,114.331437016,114.336400395,6419
2021-06-18 11:50:00,114.302153079,114.326473637,114.302153079,114.326473637,11868
2021-06-18 11:49:00,114.30662012,114.30662012,114.301656741,114.301656741,2264
2021-06-18 11:48:00,114.316447611,114.316546878,114.30662012,114.316546878,3715
2021-06-18 11:47:00,114.301656741,114.30662012,114.301656741,114.30662012,2644
2021-06-18 11:46:00,114.296693362,114.324587552,114.296693362,114.30662012,20896
2021-06-18 11:45:00,114.286766604,114.30662012,114.286766604,114.296693362,3760
2021-06-18 11:44:00,114.293616067,114.296693362,114.281803225,114.286766604,5296
2021-06-18 11:43:00,114.30662012,114.30662012,114.286865872,114.288255618,4272
2021-06-18 11:42:00,114.30662012,114.30662012,114.296693362,114.30662012,1721
2021-06-18 11:41:00,114.30662012,114.30662012,114.291729983,114.301656741,6250
2021-06-18 11:40:00,114.316546878,114.316546878,114.296693362,114.305627444,21278
2021-06-18 11:39:00,114.334216508,114.334216508,114.316646146,114.316646146,1177
2021-06-18 11:38:00,114.335606254,114.336400395,114.327367045,114.32796265,5484
2021-06-18 11:37:00,114.316546878,114.336400395,114.316546878,114.336400395,13808
2021-06-18 11:36:00,114.326473637,114.326473637,114.316546878,114.324587552,4248
2021-06-18 11:35:00,114.331437016,114.334514311,114.311583499,114.325480961,8182
2021-06-18 11:34:00,114.346327153,114.346327153,114.326473637,114.331437016,23101
2021-06-18 11:33:00,114.336400395,114.356253911,114.336400395,114.356253911,10106
2021-06-18 11:32:00,114.326473637,114.346327153,114.326473637,114.336400395,2441
2021-06-18 11:31:00,114.365187993,114.365187993,114.316546878,114.321510257,16228
2021-06-18 11:30:00,114.357742925,114.357742925,114.346327153,114.356253911,7927
2021-06-18 11:29:00,114.386034185,114.395960944,114.356253911,114.356253911,18712
2021-06-18 11:28:00,114.346327153,114.376107427,114.346327153,114.376107427,103455
2021-06-18 11:27:00,114.326473637,114.346327153,114.326473637,114.341363774,3584
2021-06-18 11:26:00,114.326473637,114.326473637,114.321510257,114.321510257,28721
2021-06-18 11:25:00,114.316546878,114.321510257,114.30662012,114.319524906,60031
2021-06-18 11:24:00,114.316546878,114.326473637,114.311583499,114.326473637,3471
2021-06-18 11:23:00,114.326473637,114.326473637,114.316546878,114.316546878,2395
2021-06-18 11:22:00,114.319028568,114.326473637,114.319028568,114.321510257,3033
2021-06-18 11:21:00,114.311583499,114.326473637,114.30662012,114.326473637,6397
2021-06-18 11:20:00,114.316546878,114.334514311,114.30662012,114.30662012,24127
2021-06-18 11:19:00,114.32468682,114.32468682,114.311583499,114.316546878,1353
2021-06-18 11:18:00,114.30662012,114.324984623,114.30662012,114.317539554,2074
2021-06-18 11:17:00,114.276839846,114.316546878,114.266913088,114.316546878,34236
2021-06-18 11:16:00,114.27832886,114.293020462,114.276839846,114.276839846,38034
2021-06-18 11:15:00,114.286766604,114.286766604,114.268501369,114.281803225,27476
2021-06-18 11:14:00,114.286766604,114.296693362,114.286766604,114.286766604,6265
2021-06-18 11:13:00,114.276839846,114.286766604,114.27336548,114.286766604,8254
2021-06-18 11:12:00,114.276839846,114.286766604,114.276839846,114.285178323,4787
2021-06-18 11:11:00,114.286766604,114.286766604,114.266913088,114.266913088,36743
2021-06-18 11:10:00,114.321510257,114.326473637,114.286766604,114.291729983,29054
2021-06-18 11:09:00,114.336400395,114.341463041,114.326473637,114.326473637,8624
2021-06-18 11:08:00,114.315554203,114.336400395,114.315554203,114.326473637,12242
2021-06-18 11:07:00,114.286766604,114.316546878,114.286766604,114.308704739,29103
2021-06-18 11:06:00,114.30662012,114.314362992,114.286766604,114.286766604,6551
2021-06-18 11:05:00,114.336400395,114.336400395,114.30662012,114.316546878,27024
2021-06-18 11:04:00,114.366180669,114.366180669,114.316546878,114.346327153,31841
2021-06-18 11:03:00,114.386034185,114.386034185,114.366180669,114.366180669,46102
2021-06-18 11:02:00,114.405887702,114.41581446,114.376107427,114.381070806,19834
2021-06-18 11:01:00,114.376107427,114.395960944,114.371144048,114.386629791,16525
2021-06-18 11:00:00,114.336400395,114.376107427,114.336400395,114.376107427,13287
2021-06-18 10:59:00,114.326473637,114.336400395,114.325679496,114.326572904,18897
2021-06-18 10:58:00,114.298579446,114.316546878,114.281803225,114.316546878,5343
2021-06-18 10:57:00,114.296693362,114.30662012,114.296693362,114.30662012,10615
2021-06-18 10:56:00,114.30662012,114.311583499,114.296693362,114.296693362,3660
2021-06-18 10:55:00,114.30662012,114.316546878,114.291729983,114.304634769,6276
2021-06-18 10:54:00,114.331437016,114.331437016,114.296693362,114.30662012,8272
2021-06-18 10:53:00,114.336400395,114.356253911,114.326473637,114.326473637,58526
2021-06-18 10:52:00,114.336400395,114.366180669,114.336400395,114.351290532,73639
2021-06-18 10:51:00,114.351290532,114.351290532,114.336400395,114.336400395,7968
2021-06-18 10:50:00,114.346327153,114.356253911,114.336400395,114.346327153,6944
2021-06-18 10:49:00,114.36121729,114.376107427,114.356253911,114.37600816,24198
2021-06-18 10:48:00,114.386034185,114.386034185,114.346327153,114.356253911,36863
2021-06-18 10:47:00,114.395960944,114.41581446,114.390997565,114.395960944,46078
2021-06-18 10:46:00,114.425741218,114.425741218,114.386034185,114.390997565,58150
2021-06-18 10:45:00,114.485301767,114.485301767,114.405887702,114.425741218,17263
2021-06-18 10:44:00,114.515082041,114.515082041,114.485301767,114.485301767,38434
2021-06-18 10:43:00,114.47736036,114.544862316,114.47736036,114.515082041,54823
2021-06-18 10:42:00,114.465448251,114.485301767,114.465448251,114.480338388,4850
2021-06-18 10:41:00,114.445594734,114.455521493,114.435667976,114.455521493,23555
2021-06-18 10:40:00,114.425741218,114.445594734,114.41581446,114.445594734,17260
2021-06-18 10:39:00,114.425741218,114.425741218,114.41581446,114.425741218,4346
2021-06-18 10:38:00,114.435667976,114.435667976,114.425741218,114.425741218,23134
2021-06-18 10:37:00,114.425741218,114.435171638,114.41581446,114.426436091,8519
2021-06-18 10:36:00,114.415715192,114.435667976,114.415715192,114.425741218,8727
2021-06-18 10:35:00,114.410851081,114.425741218,114.410851081,114.415318122,7730
2021-06-18 10:34:00,114.386034185,114.41581446,114.386034185,114.41581446,22406
2021-06-18 10:33:00,114.356253911,114.405887702,114.346327153,114.395960944,51463
2021-06-18 10:32:00,114.32428975,114.366180669,114.316546878,114.366180669,10579
2021-06-18 10:31:00,114.336400395,114.336400395,114.316546878,114.321510257,24276
2021-06-18 10:30:00,114.314958597,114.341363774,114.30662012,114.341363774,42907
2021-06-18 10:29:00,114.296693362,114.316546878,114.296693362,114.316546878,2690
2021-06-18 10:28:00,114.279023733,114.279023733,114.276839846,114.279023733,4681
2021-06-18 10:27:00,114.276839846,114.283590041,114.276839846,114.276839846,1824
2021-06-18 10:26:00,114.286766604,114.286766604,114.276839846,114.281803225,15545
2021-06-18 10:25:00,114.30662012,114.30662012,114.291729983,114.291729983,5404
2021-06-18 10:24:00,114.315057865,114.316546878,114.30662012,114.30662012,9448
2021-06-18 10:23:00,114.30662012,114.311881302,114.301557474,114.311583499,10446
2021-06-18 10:22:00,114.276839846,114.30662012,114.266913088,114.301656741,2518
2021-06-18 10:21:00,114.294807278,114.296693362,114.276839846,114.286766604,8885
2021-06-18 10:20:00,114.281803225,114.282299563,114.257085597,114.281803225,5330
2021-06-18 10:19:00,114.276839846,114.296693362,114.276839846,114.296693362,2336
2021-06-18 10:18:00,114.276839846,114.276839846,114.266913088,114.276839846,9377
2021-06-18 10:17:00,114.266913088,114.276839846,114.266913088,114.276839846,3055
2021-06-18 10:16:00,114.256986329,114.266913088,114.247059571,114.266913088,14412
2021-06-18 10:15:00,114.237132813,114.261949709,114.237132813,114.261949709,20333
2021-06-18 10:14:00,114.227206055,114.232169434,114.227206055,114.227206055,3882
2021-06-18 10:13:00,114.187499022,114.227206055,114.187499022,114.227206055,11035
2021-06-18 10:12:00,114.167645506,114.197425781,114.167645506,114.177572264,32652
2021-06-18 10:11:00,114.207352539,114.207352539,114.167645506,114.167645506,25893
2021-06-18 10:10:00,114.187499022,114.212315918,114.177572264,114.212315918,11102
2021-06-18 10:09:00,114.186010009,114.197425781,114.172608885,114.177572264,43834
2021-06-18 10:08:00,114.166156492,114.187499022,114.166156492,114.187499022,10132
2021-06-18 10:07:00,114.137865232,114.162682127,114.132901853,114.157718748,17780
2021-06-18 10:06:00,114.098158199,114.142828611,114.098158199,114.142828611,19125
2021-06-18 10:05:00,114.079595161,114.088231441,114.068377925,114.088231441,11397
2021-06-18 10:04:00,114.098158199,114.106298141,114.078304683,114.078304683,20337
2021-06-18 10:03:00,114.113048336,114.113048336,114.088231441,114.088231441,2988
2021-06-18 10:02:00,114.108084957,114.137865232,114.103121578,114.118011715,96324
2021-06-18 10:01:00,114.137865232,114.137865232,114.118011715,114.118011715,22235
2021-06-18 10:00:00,114.14779199,114.14779199,114.137865232,114.137865232,5052
2021-06-18 09:59:00,114.187499022,114.197425781,114.150770017,114.150770017,24087
2021-06-18 09:58:00,114.185811474,114.187499022,114.177572264,114.179458348,41608
2021-06-18 09:57:00,114.187499022,114.197425781,114.177572264,114.177671532,16015
2021-06-18 09:56:00,114.207352539,114.207352539,114.177671532,114.187499022,103671
2021-06-18 09:55:00,114.210529101,114.227206055,114.20238916,114.207352539,57102
2021-06-18 09:54:00,114.217279297,114.222242676,114.207451806,114.217279297,24720
2021-06-18 09:53:00,114.227206055,114.227206055,114.217279297,114.217279297,9088
2021-06-18 09:52:00,114.217279297,114.218966846,114.207352539,114.218966846,38508
2021-06-18 09:51:00,114.207551074,114.217279297,114.207352539,114.217279297,7019
2021-06-18 09:50:00,114.222242676,114.227206055,114.207352539,114.212315918,30168
2021-06-18 09:49:00,114.212315918,114.227206055,114.208841552,114.222242676,43707
2021-06-18 09:48:00,114.203580371,114.212315918,114.197425781,114.212315918,32276
2021-06-18 09:47:00,114.207352539,114.207352539,114.20238916,114.207352539,17050
2021-06-18 09:46:00,114.207352539,114.212315918,114.197525048,114.20238916,19096
2021-06-18 09:45:00,114.207352539,114.212315918,114.20238916,114.207352539,16151
2021-06-18 09:44:00,114.207352539,114.207352539,114.197425781,114.207352539,46988
2021-06-18 09:43:00,114.212315918,114.212812256,114.207352539,114.207352539,8552
2021-06-18 09:42:00,114.187499022,114.217279297,114.187499022,114.217279297,21030
2021-06-18 09:41:00,114.185315136,114.197425781,114.177572264,114.192462401,24786
2021-06-18 09:40:00,114.197425781,114.197425781,114.177572264,114.186506347,100419
2021-06-18 09:39:00,114.207352539,114.207352539,114.197425781,114.197425781,27231
2021-06-18 09:38:00,114.217279297,114.217279297,114.207352539,114.208841552,31531
2021-06-18 09:37:00,114.217279297,114.225717041,114.207451806,114.217279297,26113
2021-06-18 09:36:00,114.242096192,114.24547129,114.217279297,114.222242676,30148
2021-06-18 09:35:00,114.217279297,114.237232081,114.207352539,114.237232081,85522
2021-06-18 09:34:00,114.207352539,114.227206055,114.197425781,114.217279297,68308
2021-06-18 09:33:00,114.217279297,114.227206055,114.213507129,114.218470508,4228
2021-06-18 09:32:00,114.212315918,114.217279297,114.207352539,114.217279297,11453
2021-06-18 09:31:00,114.207352539,114.237132813,114.207352539,114.217279297,100500
2021-06-17 16:00:00,114.137865232,114.157718748,114.137865232,114.14779199,211567
2021-06-17 15:59:00,114.132901853,114.167645506,114.127938474,114.137865232,373994
2021-06-17 15:58:00,114.127938474,114.137865232,114.127938474,114.127938474,28112
2021-06-17 15:57:00,114.132901853,114.137865232,114.127938474,114.127938474,24112
2021-06-17 15:56:00,114.132901853,114.137865232,114.118011715,114.132901853,23598
2021-06-17 15:55:00,114.155832664,114.155832664,114.132901853,114.132901853,16968
2021-06-17 15:54:00,114.162682127,114.167645506,114.14779199,114.14779199,12018
2021-06-17 15:53:00,114.167546239,114.167546239,114.157718748,114.166057225,13249
2021-06-17 15:52:00,114.157718748,114.16665283,114.150770017,114.162682127,15156
2021-06-17 15:51:00,114.152755369,114.157718748,114.152755369,114.152755369,9171
2021-06-17 15:50:00,114.152755369,114.157718748,114.14779199,114.151961228,12045
2021-06-17 15:49:00,114.152755369,114.15761948,114.149678074,114.152755369,7838
2021-06-17 15:48:00,114.152755369,114.152755369,114.14779199,114.14779199,3115
2021-06-17 15:47:00,114.162682127,114.162682127,114.14779199,114.152755369,239422
2021-06-17 15:46:00,114.162682127,114.167446971,114.157718748,114.162682127,3030
2021-06-17 15:45:00,114.16665283,114.167645506,114.157718748,114.162682127,11313
2021-06-17 15:44:00,114.162682127,114.162682127,114.157718748,114.162682127,6197
2021-06-17 15:43:00,114.166057225,114.166057225,114.157718748,114.162682127,10842
2021-06-17 15:42:00,114.162682127,114.165461619,114.157917283,114.162682127,4043
2021-06-17 15:41:00,114.157718748,114.167149168,114.157718748,114.157718748,3149
2021-06-17 15:40:00,114.162682127,114.167546239,114.157718748,114.159406297,15961
2021-06-17 15:39:00,114.165759422,114.167645506,114.161887986,114.162682127,34240
2021-06-17 15:38:00,114.172608885,114.177572264,114.157718748,114.167645506,25381
2021-06-17 15:37:00,114.162682127,114.175090575,114.162682127,114.175090575,10145
2021-06-17 15:36:00,114.16665283,114.16665283,114.162682127,114.162682127,1115
2021-06-17 15:35:00,114.177472997,114.177472997,114.162682127,114.167546239,8845
2021-06-17 15:34:00,114.167645506,114.177472997,114.167645506,114.177472997,2068
2021-06-17 15:33:00,114.179756151,114.183627587,114.167645506,114.170822069,15234
2021-06-17 15:32:00,114.177572264,114.185811474,114.177572264,114.185712206,6492
2021-06-17 15:31:00,114.179756151,114.187399755,114.177572264,114.180748827,10434
2021-06-17 15:30:00,114.185414403,114.185414403,114.177572264,114.177572264,3044
2021-06-17 15:29:00,114.182535643,114.185315136,114.177572264,114.182535643,3369
2021-06-17 15:28:00,114.187499022,114.197425781,114.177572264,114.180351757,12745
2021-06-17 15:27:00,114.187499022,114.192462401,114.177671532,114.192462401,14079
2021-06-17 15:26:00,114.187499022,114.187499022,114.182535643,114.182535643,2644
2021-06-17 15:25:00,114.182535643,114.187499022,114.177572264,114.182535643,19916
2021-06-17 15:24:00,114.182535643,114.187499022,114.182535643,114.182535643,8197
2021-06-17 15:23:00,114.182535643,114.185315136,114.177572264,114.177572264,2072
2021-06-17 15:22:00,114.187399755,114.187499022,114.177572264,114.182535643,4789
2021-06-17 15:21:00,114.182535643,114.185315136,114.180947362,114.182535643,7196
2021-06-17 15:20:00,114.186010009,114.186010009,114.182535643,114.182535643,1112
2021-06-17 15:19:00,114.182535643,114.182535643,114.177572264,114.177572264,7941
2021-06-17 15:18:00,114.182535643,114.183329784,114.177572264,114.177572264,4708
2021-06-17 15:17:00,114.182535643,114.183329784,114.177572264,114.182535643,3756
2021-06-17 15:16:00,114.177572264,114.183429052,114.172608885,114.182535643,13858
2021-06-17 15:15:00,114.177572264,114.177572264,114.16913452,114.177572264,7603
2021-06-17 15:14:00,114.195440429,114.195440429,114.177572264,114.177572264,13362
2021-06-17 15:13:00,114.197425781,114.197425781,114.187499022,114.187499022,6584
2021-06-17 15:12:00,114.20238916,114.207352539,114.197425781,114.207352539,15736
2021-06-17 15:11:00,114.219363916,114.226213379,114.207352539,114.207352539,17345
2021-06-17 15:10:00,114.227206055,114.227206055,114.217279297,114.219463184,6001
2021-06-17 15:09:00,114.227206055,114.236140137,114.227206055,114.234154786,9673
2021-06-17 15:08:00,114.232169434,114.237132813,114.228794336,114.235544532,3635
2021-06-17 15:07:00,114.237132813,114.237132813,114.227206055,114.232169434,8866
2021-06-17 15:06:00,114.232169434,114.237132813,114.227206055,114.237132813,3150
2021-06-17 15:05:00,114.242096192,114.242096192,114.237132813,114.237132813,4591
2021-06-17 15:04:00,114.242096192,114.247059571,114.2393167,114.242096192,1023
2021-06-17 15:03:00,114.226808985,114.242096192,114.226808985,114.242096192,9480
2021-06-17 15:02:00,114.220257324,114.227206055,114.217279297,114.222242676,7674
2021-06-17 15:01:00,114.227206055,114.227206055,114.222242676,114.222242676,2450
2021-06-17 15:00:00,114.237132813,114.242096192,114.227206055,114.227206055,17398
2021-06-17 14:59:00,114.237132813,114.245967628,114.232169434,114.237132813,105158
2021-06-17 14:58:00,114.237132813,114.24507422,114.237132813,114.243783741,8071
2021-06-17 14:57:00,114.237132813,114.242096192,114.227206055,114.237132813,10193
2021-06-17 14:56:00,114.237132813,114.242096192,114.237132813,114.242096192,571
2021-06-17 14:55:00,114.237132813,114.247059571,114.237132813,114.237132813,24443
2021-06-17 14:54:00,114.23276504,114.237132813,114.227206055,114.232169434,28139
2021-06-17 14:53:00,114.238125489,114.244875685,114.237132813,114.237132813,3526
2021-06-17 14:52:00,114.247059571,114.256986329,114.237132813,114.242096192,18789
2021-06-17 14:51:00,114.247059571,114.255993654,114.247059571,114.255398048,14475
2021-06-17 14:50:00,114.259964357,114.261949709,114.256887062,114.256887062,1888
2021-06-17 14:49:00,114.266913088,114.271876467,114.256986329,114.257979005,7795
2021-06-17 14:48:00,114.276839846,114.284582717,114.271876467,114.274655959,8902
2021-06-17 14:47:00,114.291729983,114.291729983,114.277832522,114.277832522,13275
2021-06-17 14:46:00,114.286766604,114.296693362,114.286766604,114.292424856,105649
2021-06-17 14:45:00,114.286766604,114.286766604,114.286766604,114.286766604,2077
2021-06-17 14:44:00,114.296693362,114.296693362,114.286766604,114.291729983,2680
2021-06-17 14:43:00,114.28775928,114.301656741,114.281803225,114.296693362,3001
2021-06-17 14:42:00,114.296693362,114.296693362,114.286766604,114.286766604,12238
2021-06-17 14:41:00,114.286766604,114.296693362,114.279817873,114.296693362,19866
2021-06-17 14:40:00,114.276839846,114.286766604,114.271876467,114.281803225,90480
2021-06-17 14:39:00,114.276839846,114.276839846,114.268501369,114.270983058,32799
2021-06-17 14:38:00,114.266913088,114.284582717,114.266913088,114.284582717,181339
2021-06-17 14:37:00,114.276839846,114.286766604,114.271876467,114.276839846,10842
2021-06-17 14:36:00,114.278924465,114.286766604,114.261949709,114.276839846,16816
2021-06-17 14:35:00,114.276839846,114.28527759,114.266913088,114.276839846,5894
2021-06-17 14:34:00,114.291729983,114.291729983,114.271876467,114.271876467,19669
2021-06-17 14:33:00,114.307612796,114.31605054,114.296693362,114.296693362,27259
2021-06-17 14:32:00,114.321510257,114.321510257,114.316546878,114.316546878,3117
2021-06-17 14:31:00,114.321510257,114.325480961,114.307612796,114.316546878,32038
2021-06-17 14:30:00,114.30662012,114.326473637,114.30662012,114.321510257,2688
2021-06-17 14:29:00,114.30662012,114.311583499,114.297388235,114.30662012,19166
2021-06-17 14:28:00,114.316546878,114.316546878,114.306719388,114.306719388,7707
2021-06-17 14:27:00,114.331437016,114.331437016,114.316546878,114.316943949,15047
2021-06-17 14:26:00,114.331437016,114.336400395,114.326473637,114.331437016,16094
2021-06-17 14:25:00,114.331437016,114.336400395,114.327367045,114.336400395,5842
2021-06-17 14:24:00,114.336400395,114.336400395,114.328756791,114.328756791,3530
2021-06-17 14:23:00,114.325977299,114.336400395,114.325679496,114.331437016,16067
2021-06-17 14:22:00,114.321510257,114.326473637,114.316546878,114.326473637,4730
2021-06-17 14:21:00,114.321510257,114.321510257,114.316546878,114.321510257,6073
2021-06-17 14:20:00,114.326473637,114.326473637,114.321510257,114.321510257,2713
2021-06-17 14:19:00,114.321510257,114.326473637,114.321510257,114.326473637,3074
2021-06-17 14:18:00,114.326473637,114.326473637,114.316546878,114.321510257,4472
2021-06-17 14:17:00,114.326473637,114.326473637,114.324488285,114.326473637,1449
2021-06-17 14:16:00,114.331437016,114.336400395,114.316546878,114.321510257,4424
2021-06-17 14:15:00,114.336400395,114.336400395,114.326473637,114.331437016,6599
2021-06-17 14:14:00,114.331437016,114.336400395,114.328657523,114.336400395,3925
2021-06-17 14:13:00,114.334514311,114.336400395,114.326473637,114.331437016,10530
2021-06-17 14:12:00,114.331437016,114.331437016,114.316546878,114.331437016,27155
2021-06-17 14:11:00,114.341363774,114.346327153,114.326473637,114.331437016,28780
2021-06-17 14:10:00,114.341363774,114.341363774,114.336400395,114.341363774,3463
2021-06-17 14:09:00,114.344639604,114.344639604,114.336400395,114.341363774,2602
2021-06-17 14:08:00,114.341363774,114.346327153,114.336400395,114.341363774,2779
2021-06-17 14:07:00,114.330146537,114.346327153,114.330146537,114.346327153,4731
2021-06-17 14:06:00,114.336400395,114.336400395,114.331437016,114.331437016,9689
2021-06-17 14:05:00,114.331437016,114.347319829,114.326473637,114.346327153,9610
2021-06-17 14:04:00,114.336400395,114.336400395,114.316546878,114.326473637,10485
2021-06-17 14:03:00,114.356253911,114.356253911,114.336400395,114.336400395,19817
2021-06-17 14:02:00,114.351290532,114.366180669,114.351290532,114.352680278,59083
2021-06-17 14:01:00,114.346327153,114.366180669,114.336400395,114.356253911,18584
2021-06-17 14:00:00,114.346327153,114.356253911,114.336499662,114.336499662,10531
2021-06-17 13:59:00,114.354467095,114.355658306,114.341363774,114.344341801,6192
2021-06-17 13:58:00,114.346327153,114.356253911,114.336400395,114.356253911,4588
2021-06-17 13:57:00,114.356253911,114.36121729,114.346327153,114.351290532,25134
2021-06-17 13:56:00,114.376107427,114.376107427,114.36121729,114.36121729,4907
2021-06-17 13:55:00,114.371144048,114.376107427,114.366180669,114.376107427,7103
2021-06-17 13:54:00,114.371144048,114.374618414,114.371144048,114.374618414,679
2021-06-17 13:53:00,114.371144048,114.37600816,114.366180669,114.371144048,3772
2021-06-17 13:52:00,114.376107427,114.376107427,114.371144048,114.371144048,3561
2021-06-17 13:51:00,114.366180669,114.378291314,114.358437798,114.378291314,1944
2021-06-17 13:50:00,114.362110698,114.362110698,114.356253911,114.36121729,2045
2021-06-17 13:49:00,114.376107427,114.376107427,114.356253911,114.356253911,14092
2021-06-17 13:48:00,114.371144048,114.376107427,114.356253911,114.371144048,4598
2021-06-17 13:47:00,114.376107427,114.381070806,114.366180669,114.366180669,28236
2021-06-17 13:46:00,114.383254693,114.385934918,114.381070806,114.381070806,1350
2021-06-17 13:45:00,114.381070806,114.386034185,114.376107427,114.381070806,7475
2021-06-17 13:44:00,114.366577739,114.386034185,114.366577739,114.381070806,40781
2021-06-17 13:43:00,114.366180669,114.386034185,114.356253911,114.368463824,20287
2021-06-17 13:42:00,114.336400395,114.366180669,114.336400395,114.366180669,254205
2021-06-17 13:41:00,114.316546878,114.336400395,114.311583499,114.331437016,76018
2021-06-17 13:40:00,114.326473637,114.326473637,114.316546878,114.316745414,80923
2021-06-17 13:39:00,114.323991947,114.326473637,114.321510257,114.326473637,2429
2021-06-17 13:38:00,114.316546878,114.326374369,114.30662012,114.30662012,10313
2021-06-17 13:37:00,114.296693362,114.316546878,114.296693362,114.316546878,7859
2021-06-17 13:36:00,114.311583499,114.311583499,114.30662012,114.30662012,6907
2021-06-17 13:35:00,114.326473637,114.326473637,114.313568851,114.326473637,7620
2021-06-17 13:34:00,114.29679263,114.316546878,114.29679263,114.316546878,36163
2021-06-17 13:33:00,114.279023733,114.301656741,114.279023733,114.301656741,1179
2021-06-17 13:32:00,114.286667336,114.286667336,114.276839846,114.277733254,2755
2021-06-17 13:31:00,114.271876467,114.286766604,114.271876467,114.277832522,41617
2021-06-17 13:30:00,114.266913088,114.271876467,114.261949709,114.266913088,12116
2021-06-17 13:29:00,114.25202295,114.266913088,114.25202295,114.261949709,66502
2021-06-17 13:28:00,114.256986329,114.262843117,114.256986329,114.256986329,17643
2021-06-17 13:27:00,114.237132813,114.261949709,114.227206055,114.256986329,72326
2021-06-17 13:26:00,114.232169434,114.237132813,114.227206055,114.227206055,5006
2021-06-17 13:25:00,114.247059571,114.247158839,114.229588477,114.232169434,12891
2021-06-17 13:24:00,114.238820362,114.242096192,114.227305323,114.242096192,10400
2021-06-17 13:23:00,114.237132813,114.247059571,114.237132813,114.237132813,17248
2021-06-17 13:22:00,114.237132813,114.239614503,114.229290674,114.229290674,6240
2021-06-17 13:21:00,114.235643799,114.237132813,114.227206055,114.232169434,31921
2021-06-17 13:20:00,114.227206055,114.242294727,114.217378564,114.237132813,49981
2021-06-17 13:19:00,114.207352539,114.237132813,114.207352539,114.227206055,58807
2021-06-17 13:18:00,114.217279297,114.217279297,114.197425781,114.212315918,50363
2021-06-17 13:17:00,114.217279297,114.217279297,114.207352539,114.217279297,11801
2021-06-17 13:16:00,114.20238916,114.222242676,114.20238916,114.222242676,13550
2021-06-17 13:15:00,114.217279297,114.227206055,114.197425781,114.197425781,23136
2021-06-17 13:14:00,114.257085597,114.26393506,114.212315918,114.217279297,52706
2021-06-17 13:13:00,114.285773928,114.285773928,114.256986329,114.256986329,15650
2021-06-17 13:12:00,114.281803225,114.294509475,114.276839846,114.290340237,9116
2021-06-17 13:11:00,114.296693362,114.30662012,114.281803225,114.281803225,28952
2021-06-17 13:10:00,114.291729983,114.301656741,114.286766604,114.291729983,18688
2021-06-17 13:09:00,114.30662012,114.30662012,114.286766604,114.286766604,23487
2021-06-17 13:08:00,114.276839846,114.301656741,114.276839846,114.301656741,12313
2021-06-17 13:07:00,114.304436233,114.304436233,114.273464748,114.273464748,6729
2021-06-17 13:06:00,114.286766604,114.30662012,114.286766604,114.298182376,9455
2021-06-17 13:05:00,114.296693362,114.304833304,114.291729983,114.291729983,1531
2021-06-17 13:04:00,114.316546878,114.316546878,114.290737307,114.290737307,15481
2021-06-17 13:03:00,114.286766604,114.326473637,114.286766604,114.316546878,17415
2021-06-17 13:02:00,114.286766604,114.291729983,114.283689309,114.284681985,4668
2021-06-17 13:01:00,114.281803225,114.301954544,114.281803225,114.286766604,15445
2021-06-17 13:00:00,114.316546878,114.316546878,114.276839846,114.276839846,5142
2021-06-17 12:59:00,114.336400395,114.336400395,114.321510257,114.321510257,10988
2021-06-17 12:58:00,114.344242534,114.346327153,114.331437016,114.341165239,39463
2021-06-17 12:57:00,114.346327153,114.351290532,114.336400395,114.346327153,18941
2021-06-17 12:56:00,114.36121729,114.366180669,114.346327153,114.356253911,15759
2021-06-17 12:55:00,114.371144048,114.371144048,114.366180669,114.366180669,739
2021-06-17 12:54:00,114.390997565,114.395960944,114.37600816,114.37600816,3845
2021-06-17 12:53:00,114.403703815,114.405788434,114.386133453,114.390997565,22097
2021-06-17 12:52:00,114.389806354,114.395960944,114.388218072,114.390997565,22395
2021-06-17 12:51:00,114.390997565,114.390997565,114.366180669,114.390997565,14280
2021-06-17 12:50:00,114.390997565,114.393777057,114.377596441,114.386034185,5239
2021-06-17 12:49:00,114.386034185,114.396457282,114.386034185,114.395960944,3874
2021-06-17 12:48:00,114.385934918,114.386034185,114.368364556,114.386034185,2925
2021-06-17 12:47:00,114.376107427,114.386034185,114.369555767,114.386034185,35939
2021-06-17 12:46:00,114.366180669,114.376107427,114.356253911,114.376107427,8910
2021-06-17 12:45:00,114.376107427,114.381070806,114.366180669,114.366180669,12480
2021-06-17 12:44:00,114.381070806,114.386034185,114.376107427,114.381070806,12473
2021-06-17 12:43:00,114.367669683,114.386133453,114.367669683,114.381070806,75074
2021-06-17 12:42:00,114.395960944,114.395960944,114.376107427,114.376107427,35940
2021-06-17 12:41:00,114.346327153,114.405887702,114.346327153,114.395960944,26828
2021-06-17 12:40:00,114.342157914,114.346327153,114.341363774,114.341363774,2204
2021-06-17 12:39:00,114.336400395,114.346327153,114.331437016,114.346327153,8147
2021-06-17 12:38:00,114.30662012,114.341363774,114.297686038,114.336400395,20994
2021-06-17 12:37:00,114.321510257,114.326473637,114.30662012,114.30662012,9583
2021-06-17 12:36:00,114.326473637,114.338187211,114.316546878,114.326473637,10953
2021-06-17 12:35:00,114.331437016,114.341363774,114.318730765,114.326473637,21582
2021-06-17 12:34:00,114.326473637,114.336400395,114.316546878,114.336400395,32968
2021-06-17 12:33:00,114.346327153,114.356253911,114.326473637,114.326473637,76434
2021-06-17 12:32:00,114.336400395,114.336400395,114.326473637,114.336400395,28848
2021-06-17 12:31:00,114.336400395,114.356154643,114.336400395,114.346327153,15842
2021-06-17 12:30:00,114.346327153,114.366180669,114.346327153,114.346327153,8314
2021-06-17 12:29:00,114.314362992,114.346327153,114.286865872,114.341363774,91639
2021-06-17 12:28:00,114.281803225,114.321510257,114.281803225,114.316546878,27259
2021-06-17 12:27:00,114.296693362,114.326473637,114.281803225,114.281803225,75437
2021-06-17 12:26:00,114.266913088,114.291729983,114.266913088,114.286865872,16838
2021-06-17 12:25:00,114.247158839,114.261949709,114.247059571,114.256986329,125121
2021-06-17 12:24:00,114.2393167,114.247059571,114.237132813,114.247059571,5532
2021-06-17 12:23:00,114.237132813,114.247059571,114.237132813,114.247059571,1839
2021-06-17 12:22:00,114.216187353,114.237132813,114.216187353,114.237132813,63688
2021-06-17 12:21:00,114.217279297,114.217279297,114.212315918,114.212911523,3772
2021-06-17 12:20:00,114.20238916,114.217279297,114.197425781,114.217279297,21461
2021-06-17 12:19:00,114.207352539,114.21509541,114.207352539,114.207352539,21420
2021-06-17 12:18:00,114.212315918,114.217279297,114.207352539,114.217279297,2834
2021-06-17 12:17:00,114.217180029,114.217279297,114.212315918,114.212315918,14619
2021-06-17 12:16:00,114.227206055,114.237132813,114.207352539,114.207352539,55536
2021-06-17 12:15:00,114.217279297,114.226312647,114.212315918,114.222242676,3638
2021-06-17 12:14:00,114.212315918,114.217279297,114.209437158,114.217279297,1973
2021-06-17 12:13:00,114.217279297,114.222242676,114.217279297,114.217279297,7277
2021-06-17 12:12:00,114.203679638,114.227106787,114.203679638,114.227106787,37065
2021-06-17 12:11:00,114.207352539,114.207352539,114.20238916,114.20238916,2814
2021-06-17 12:10:00,114.19047705,114.205764257,114.182535643,114.20238916,67581
2021-06-17 12:09:00,114.207352539,114.207352539,114.187499022,114.196433105,4977
2021-06-17 12:08:00,114.207352539,114.207352539,114.197425781,114.197425781,3865
2021-06-17 12:07:00,114.222242676,114.222242676,114.197425781,114.205863525,4423
2021-06-17 12:06:00,114.217279297,114.227206055,114.217279297,114.227206055,16345
2021-06-17 12:05:00,114.222441211,114.227206055,114.221051465,114.222242676,1800
2021-06-17 12:04:00,114.227206055,114.227206055,114.217279297,114.227106787,12956
2021-06-17 12:03:00,114.237132813,114.244875685,114.227206055,114.227206055,51447
2021-06-17 12:02:00,114.217279297,114.235643799,114.217279297,114.235643799,13746
2021-06-17 12:01:00,114.227206055,114.227206055,114.217279297,114.217279297,1720
2021-06-17 12:00:00,114.247059571,114.247059571,114.227206055,114.227206055,9150
2021-06-17 11:59:00,114.256986329,114.261949709,114.247059571,114.25202295,17270
2021-06-17 11:58:00,114.264828468,114.271876467,114.256986329,114.266913088,18795
2021-06-17 11:57:00,114.265126271,114.266913088,114.247059571,114.266913088,22652
2021-06-17 11:56:00,114.281803225,114.286766604,114.256986329,114.261949709,42864
2021-06-17 11:55:00,114.225617774,114.276839846,114.222540479,114.276839846,87167
2021-06-17 11:54:00,114.212315918,114.225518506,114.212315918,114.222242676,13763
2021-06-17 11:53:00,114.212315918,114.217279297,114.207352539,114.207352539,2694
2021-06-17 11:52:00,114.197425781,114.207352539,114.197425781,114.207352539,15998
2021-06-17 11:51:00,114.197425781,114.207352539,114.18759829,114.18759829,59040
2021-06-17 11:50:00,114.19047705,114.197425781,114.187499022,114.197425781,45770
2021-06-17 11:49:00,114.157718748,114.187499022,114.157718748,114.187499022,16499
2021-06-17 11:48:00,114.152755369,114.157718748,114.148089793,114.149975877,1129
2021-06-17 11:47:00,114.154740721,114.162682127,114.149678074,114.152755369,6354
2021-06-17 11:46:00,114.14779199,114.157718748,114.137865232,114.152755369,20441
2021-06-17 11:45:00,114.136177683,114.142828611,114.13012236,114.142828611,34303
2021-06-17 11:44:00,114.132901853,114.132901853,114.132901853,114.132901853,773
2021-06-17 11:43:00,114.132901853,114.135681345,114.132901853,114.135681345,462
2021-06-17 11:42:00,114.132901853,114.137865232,114.132901853,114.132901853,25226
2021-06-17 11:41:00,114.132901853,114.137865232,114.127938474,114.137865232,5545
2021-06-17 11:40:00,114.132901853,114.132901853,114.132901853,114.132901853,2009
2021-06-17 11:39:00,114.137865232,114.137865232,114.132901853,114.132901853,743
2021-06-17 11:38:00,114.142828611,114.142828611,114.127938474,114.127938474,10650
2021-06-17 11:37:00,114.145608103,114.145608103,114.141141062,114.14451616,1525
2021-06-17 11:36:00,114.127938474,114.137865232,114.127938474,114.137865232,28837
2021-06-17 11:35:00,114.122975094,114.127938474,114.122975094,114.127938474,2836
2021-06-17 11:34:00,114.113842477,114.127938474,114.113842477,114.122975094,26217
2021-06-17 11:33:00,114.108084957,114.108084957,114.098158199,114.10798569,37171
2021-06-17 11:32:00,114.101632564,114.108084957,114.09319482,114.108084957,8477
2021-06-17 11:31:00,114.088231441,114.106298141,114.088231441,114.103121578,3049
2021-06-17 11:30:00,114.088231441,114.118011715,114.078304683,114.078304683,105233
2021-06-17 11:29:00,114.078304683,114.078304683,114.078304683,114.078304683,330
2021-06-17 11:28:00,114.078304683,114.083268062,114.070363276,114.070363276,4893
2021-06-17 11:27:00,114.078304683,114.083268062,114.071058149,114.078304683,9560
2021-06-17 11:26:00,114.078304683,114.08664316,114.076120796,114.076815669,2015
2021-06-17 11:25:00,114.087933638,114.087933638,114.078304683,114.083268062,30239
2021-06-17 11:24:00,114.083268062,114.088231441,114.083268062,114.08664316,3080
2021-06-17 11:23:00,114.083268062,114.088032906,114.078304683,114.083268062,8697
2021-06-17 11:22:00,114.073341304,114.088231441,114.0693706,114.078304683,10272
2021-06-17 11:21:00,114.078304683,114.083268062,114.078304683,114.078304683,1059
2021-06-17 11:20:00,114.073341304,114.083268062,114.073341304,114.078304683,7224
2021-06-17 11:19:00,114.078304683,114.078304683,114.073341304,114.073341304,1659
2021-06-17 11:18:00,114.098158199,114.098158199,114.078304683,114.083268062,14905
2021-06-17 11:17:00,114.098158199,114.098158199,114.09319482,114.098158199,2368
2021-06-17 11:16:00,114.078304683,114.108084957,114.078304683,114.09319482,60640
2021-06-17 11:15:00,114.086246089,114.088231441,114.078304683,114.078304683,12818
2021-06-17 11:14:00,114.089720455,114.09319482,114.08048857,114.083268062,24406
2021-06-17 11:13:00,114.09567651,114.098158199,114.088231441,114.09319482,27524
2021-06-17 11:12:00,114.103121578,114.106298141,114.098158199,114.098158199,9614
2021-06-17 11:11:00,114.103121578,114.108084957,114.098158199,114.108084957,6516
2021-06-17 11:10:00,114.098158199,114.10590107,114.098158199,114.103121578,6290
2021-06-17 11:09:00,114.108084957,114.108084957,114.098158199,114.098158199,5847
2021-06-17 11:08:00,114.098158199,114.100838424,114.09319482,114.09319482,3388
2021-06-17 11:07:00,114.09319482,114.098158199,114.088231441,114.094584566,9034
2021-06-17 11:06:00,114.09319482,114.106198873,114.088231441,114.098158199,3824
2021-06-17 11:05:00,114.083268062,114.088231441,114.078304683,114.088231441,15847
2021-06-17 11:04:00,114.074830317,114.088231441,114.070065473,114.083268062,5716
2021-06-17 11:03:00,114.073341304,114.078304683,114.073341304,114.078304683,770
2021-06-17 11:02:00,114.073341304,114.073341304,114.058451166,114.063414546,682
2021-06-17 11:01:00,114.060436518,114.078304683,114.060436518,114.073341304,13951
2021-06-17 11:00:00,114.068477192,114.078304683,114.063414546,114.068377925,2836
2021-06-17 10:59:00,114.048524408,114.078304683,114.048524408,114.073341304,48169
2021-06-17 10:58:00,114.03859765,114.048524408,114.03820058,114.047730268,25777
2021-06-17 10:57:00,114.02340971,114.03859765,114.02340971,114.03859765,38056
2021-06-17 10:56:00,114.033634271,114.033634271,114.023707513,114.028571624,1153
2021-06-17 10:55:00,114.028670892,114.028670892,114.028670892,114.028670892,1382
2021-06-17 10:54:00,114.018744134,114.030556976,114.018744134,114.030556976,16860
2021-06-17 10:53:00,114.023707513,114.028670892,114.018744134,114.020729485,9978
2021-06-17 10:52:00,114.028670892,114.028670892,114.021722161,114.027181878,2633
2021-06-17 10:51:00,114.028670892,114.038498383,114.028670892,114.033634271,3013
2021-06-17 10:50:00,114.033634271,114.033634271,114.028670892,114.028670892,1732
2021-06-17 10:49:00,114.028670892,114.03859765,114.028670892,114.03492475,1035
2021-06-17 10:48:00,114.020928021,114.03859765,114.020928021,114.03859765,5291
2021-06-17 10:47:00,114.023707513,114.028670892,114.01973681,114.020332415,14224
2021-06-17 10:46:00,114.023707513,114.023707513,114.023707513,114.023707513,227
2021-06-17 10:45:00,114.023707513,114.023707513,114.018744134,114.018744134,22676
2021-06-17 10:44:00,114.022119232,114.026487005,114.018744134,114.026487005,2168
2021-06-17 10:43:00,114.028670892,114.028670892,114.023707513,114.023707513,9115
2021-06-17 10:42:00,114.028670892,114.03859765,114.028670892,114.03859765,19933
2021-06-17 10:41:00,114.03859765,114.03859765,114.028670892,114.028670892,5821
2021-06-17 10:40:00,114.043561029,114.043561029,114.028670892,114.03859765,9195
2021-06-17 10:39:00,114.048524408,114.048524408,114.043561029,114.048524408,2113
2021-06-17 10:38:00,114.040086664,114.043561029,114.03859765,114.03859765,3045
2021-06-17 10:37:00,114.040980072,114.048524408,114.040980072,114.048524408,8662
2021-06-17 10:36:00,114.03204599,114.043561029,114.030159906,114.043561029,8060
2021-06-17 10:35:00,114.03859765,114.043561029,114.033634271,114.033634271,35525
2021-06-17 10:34:00,114.048524408,114.048524408,114.03859765,114.03859765,17281
2021-06-17 10:33:00,114.023707513,114.053487787,114.023707513,114.053487787,32620
2021-06-17 10:32:00,114.010306389,114.028670892,114.010306389,114.023707513,22374
2021-06-17 10:31:00,114.013780755,114.018744134,114.009810051,114.018644866,20048
2021-06-17 10:30:00,114.013780755,114.027082611,114.013780755,114.018744134,16878
2021-06-17 10:29:00,114.028670892,114.028670892,114.008817376,114.008817376,1957
2021-06-17 10:28:00,114.026487005,114.028472357,114.023707513,114.028472357,1520
2021-06-17 10:27:00,114.023707513,114.027876751,114.019637542,114.023707513,2259
2021-06-17 10:26:00,114.023707513,114.028670892,114.01973681,114.028670892,4015
2021-06-17 10:25:00,114.038498383,114.038498383,114.020332415,114.028670892,3299
2021-06-17 10:24:00,114.038498383,114.038498383,114.033634271,114.033634271,1577
2021-06-17 10:23:00,114.053487787,114.053487787,114.03859765,114.03859765,16067
2021-06-17 10:22:00,114.048524408,114.058451166,114.043561029,114.048524408,6176
2021-06-17 10:21:00,114.038796185,114.048127338,114.03859765,114.045943451,7519
2021-06-17 10:20:00,114.044255902,114.048524408,114.03859765,114.03859765,5895
2021-06-17 10:19:00,114.028670892,114.043561029,114.028670892,114.039689594,21905
2021-06-17 10:18:00,114.026487005,114.028571624,114.023707513,114.023707513,1212
2021-06-17 10:17:00,114.022814105,114.025990667,114.021722161,114.025990667,4161
2021-06-17 10:16:00,114.021523626,114.028571624,114.021523626,114.022317767,1115
2021-06-17 10:15:00,114.008817376,114.018744134,114.008817376,114.018744134,5667
2021-06-17 10:14:00,114.003655461,114.008817376,113.998890618,114.008817376,6211
2021-06-17 10:13:00,114.003853997,114.008817376,113.998890618,114.003853997,9746
2021-06-17 10:12:00,114.008817376,114.018744134,114.008817376,114.008817376,3981
2021-06-17 10:11:00,114.008817376,114.008817376,114.000379631,114.008718108,3234
2021-06-17 10:10:00,113.998989885,114.008817376,113.998989885,114.000677434,17727
2021-06-17 10:09:00,114.013780755,114.018744134,113.998890618,114.003853997,6264
2021-06-17 10:08:00,114.018744134,114.028670892,114.011795403,114.018744134,34125
2021-06-17 10:07:00,114.018744134,114.023707513,114.017949993,114.023707513,13568
2021-06-17 10:06:00,114.028670892,114.028670892,114.013780755,114.018744134,4606
2021-06-17 10:05:00,114.022417034,114.024303118,113.998890618,114.019439007,29162
2021-06-17 10:04:00,114.028670892,114.028670892,114.011795403,114.028373089,5190
2021-06-17 10:03:00,114.029862103,114.043561029,114.029862103,114.03859765,7107
2021-06-17 10:02:00,114.033634271,114.033634271,114.033634271,114.033634271,656
2021-06-17 10:01:00,114.023211175,114.028670892,114.019240472,114.028670892,13744
2021-06-17 10:00:00,114.037009369,114.037009369,114.028670892,114.028670892,16511
2021-06-17 09:59:00,114.028670892,114.03859765,114.028670892,114.036612299,3113
2021-06-17 09:58:00,114.028670892,114.03859765,114.028670892,114.028670892,25335
2021-06-17 09:57:00,114.008817376,114.018744134,114.006534221,114.018744134,31989
2021-06-17 09:56:00,114.003853997,114.008817376,113.998890618,114.008817376,1309
2021-06-17 09:55:00,113.998890618,114.003853997,113.993530168,113.998890618,4551
2021-06-17 09:54:00,113.998890618,113.998890618,113.993927238,113.998890618,5055
2021-06-17 09:53:00,113.98400048,113.998195744,113.98400048,113.998195744,10743
2021-06-17 09:52:00,113.979037101,113.988963859,113.978242961,113.987971184,9435
2021-06-17 09:51:00,113.970599357,113.979037101,113.969209611,113.969209611,7298
2021-06-17 09:50:00,113.959183585,113.979037101,113.959183585,113.979037101,12534
2021-06-17 09:49:00,113.964146964,113.966231583,113.964146964,113.966231583,1542
2021-06-17 09:48:00,113.969110343,113.974073722,113.969110343,113.969110343,1473
2021-06-17 09:47:00,113.962757218,113.978540763,113.959282853,113.969110343,17920
2021-06-17 09:46:00,113.954220206,113.964146964,113.949256827,113.964146964,40034
2021-06-17 09:45:00,113.949256827,113.959183585,113.949256827,113.959183585,6022
2021-06-17 09:44:00,113.964146964,113.964146964,113.944293448,113.944293448,10128
2021-06-17 09:43:00,113.964146964,113.969110343,113.959183585,113.959183585,21694
2021-06-17 09:42:00,113.969110343,113.969110343,113.964146964,113.966926456,40439
2021-06-17 09:41:00,113.969110343,113.969110343,113.964047696,113.969011075,3509
2021-06-17 09:40:00,113.974073722,113.975562736,113.959183585,113.964146964,32827
2021-06-17 09:39:00,113.974073722,113.974073722,113.974073722,113.974073722,357
2021-06-17 09:37:00,113.969110343,113.974073722,113.961268204,113.969110343,4972
2021-06-17 09:36:00,113.969110343,113.969110343,113.964146964,113.969110343,1650
2021-06-17 09:35:00,113.979136369,113.979136369,113.964146964,113.964146964,73617
2021-06-17 09:34:00,113.979037101,113.979037101,113.979037101,113.979037101,1601
2021-06-17 09:33:00,113.959183585,113.979037101,113.954220206,113.979037101,24762
2021-06-17 09:32:00,113.954220206,113.959183585,113.952234854,113.954220206,1159
2021-06-17 09:31:00,113.951242178,113.969110343,113.949256827,113.951341446,129488
2021-06-17 09:29:00,113.959183585,113.959183585,113.959183585,113.959183585,200
2021-06-16 16:01:00,113.780501938,113.780501938,113.780501938,113.780501938,10000
2021-06-16 16:00:00,113.785465317,113.800355454,113.780501938,113.790428696,176490
2021-06-16 15:59:00,113.800355454,113.800355454,113.790428696,113.790428696,143572
2021-06-16 15:58:00,113.800355454,113.810182945,113.800355454,113.800355454,8128
2021-06-16 15:57:00,113.810282213,113.815245592,113.800355454,113.800355454,13588
2021-06-16 15:56:00,113.810282213,113.820208971,113.810282213,113.810282213,19398
2021-06-16 15:55:00,113.82517235,113.830135729,113.810282213,113.820208971,66275
2021-06-16 15:54:00,113.82517235,113.830135729,113.820208971,113.829143053,11783
2021-06-16 15:53:00,113.820208971,113.830135729,113.820208971,113.820208971,7633
2021-06-16 15:52:00,113.82517235,113.830135729,113.820208971,113.820208971,11039
2021-06-16 15:51:00,113.820208971,113.830135729,113.820208971,113.82556942,156871
2021-06-16 15:50:00,113.820208971,113.828646715,113.820208971,113.820208971,6183
2021-06-16 15:49:00,113.82517235,113.830135729,113.820208971,113.820208971,12841
2021-06-16 15:48:00,113.82517235,113.830135729,113.820208971,113.820208971,26258
2021-06-16 15:47:00,113.835099108,113.835099108,113.820208971,113.82517235,55809
2021-06-16 15:46:00,113.830135729,113.840062487,113.830135729,113.830135729,77049
2021-06-16 15:45:00,113.840062487,113.845025866,113.830135729,113.835099108,9535
2021-06-16 15:44:00,113.843040515,113.845025866,113.840062487,113.840062487,14316
2021-06-16 15:43:00,113.840062487,113.848400964,113.840062487,113.845025866,5307
2021-06-16 15:42:00,113.845025866,113.849989245,113.840062487,113.845025866,10349
2021-06-16 15:41:00,113.854952624,113.859916003,113.840062487,113.840062487,31776
2021-06-16 15:40:00,113.854952624,113.859916003,113.849989245,113.859916003,32083
2021-06-16 15:39:00,113.858029919,113.858029919,113.849989245,113.849989245,2763
2021-06-16 15:38:00,113.849989245,113.859916003,113.849989245,113.849989245,6378
2021-06-16 15:37:00,113.854952624,113.859916003,113.849989245,113.854952624,13687
2021-06-16 15:36:00,113.854952624,113.859916003,113.840062487,113.854952624,64231
2021-06-16 15:35:00,113.854952624,113.859916003,113.854952624,113.858228455,12224
2021-06-16 15:34:00,113.859816736,113.859916003,113.851577527,113.854952624,3795
2021-06-16 15:33:00,113.854952624,113.859916003,113.849989245,113.859916003,57666
2021-06-16 15:32:00,113.840062487,113.859916003,113.840062487,113.859916003,24694
2021-06-16 15:31:00,113.840062487,113.840062487,113.830135729,113.835099108,50048
2021-06-16 15:30:00,113.845025866,113.849989245,113.830135729,113.835099108,66933
2021-06-16 15:29:00,113.840062487,113.849989245,113.840062487,113.840062487,3891
2021-06-16 15:28:00,113.845025866,113.849989245,113.840062487,113.848003894,7121
2021-06-16 15:27:00,113.849989245,113.849989245,113.840062487,113.849889978,33936
2021-06-16 15:26:00,113.849989245,113.858228455,113.849989245,113.849989245,19760
2021-06-16 15:25:00,113.835099108,113.849989245,113.83172401,113.845025866,31712
2021-06-16 15:24:00,113.840062487,113.847805358,113.840062487,113.847805358,1108
2021-06-16 15:23:00,113.845025866,113.849989245,113.840062487,113.849989245,20871
2021-06-16 15:22:00,113.845025866,113.845025866,113.840062487,113.845025866,1663
2021-06-16 15:21:00,113.849989245,113.849989245,113.840062487,113.849989245,41109
2021-06-16 15:20:00,113.849989245,113.854952624,113.841750036,113.854952624,15625
2021-06-16 15:19:00,113.845025866,113.85842699,113.845025866,113.849989245,20101
2021-06-16 15:18:00,113.845025866,113.849989245,113.840062487,113.840062487,108042
2021-06-16 15:17:00,113.854952624,113.854952624,113.845025866,113.845025866,67098
2021-06-16 15:16:00,113.852073864,113.869842762,113.850088513,113.859916003,5843
2021-06-16 15:15:00,113.873317127,113.87976952,113.869842762,113.869842762,15882
2021-06-16 15:14:00,113.859916003,113.87976952,113.859916003,113.87976952,4855
2021-06-16 15:13:00,113.861802087,113.869842762,113.854952624,113.869842762,6794
2021-06-16 15:12:00,113.889696278,113.889696278,113.864879382,113.868850086,9290
2021-06-16 15:11:00,113.874806141,113.894659657,113.874806141,113.894659657,35586
2021-06-16 15:10:00,113.87976952,113.887512391,113.874806141,113.874806141,12045
2021-06-16 15:09:00,113.864879382,113.87976952,113.859916003,113.87976952,10554
2021-06-16 15:08:00,113.854952624,113.869842762,113.854952624,113.869743494,67977
2021-06-16 15:07:00,113.854952624,113.869842762,113.849989245,113.854952624,138151
2021-06-16 15:06:00,113.869842762,113.874806141,113.849989245,113.849989245,8955
2021-06-16 15:05:00,113.87976952,113.87976952,113.864383045,113.864879382,5575
2021-06-16 15:04:00,113.87976952,113.899623036,113.854952624,113.87976952,77702
2021-06-16 15:03:00,113.836588122,113.87976952,113.830135729,113.87976952,16693
2021-06-16 15:02:00,113.810282213,113.835992516,113.810282213,113.833808629,12260
2021-06-16 15:01:00,113.800355454,113.826760631,113.790428696,113.817230943,86361
2021-06-16 15:00:00,113.800355454,113.810282213,113.796186216,113.810282213,3919
2021-06-16 14:59:00,113.790428696,113.805318834,113.785465317,113.800355454,16952
2021-06-16 14:58:00,113.800355454,113.810282213,113.790428696,113.790428696,13533
2021-06-16 14:57:00,113.790428696,113.810282213,113.790428696,113.810282213,27456
2021-06-16 14:56:00,113.810282213,113.830135729,113.785465317,113.795392075,29430
2021-06-16 14:55:00,113.817230943,113.849989245,113.800355454,113.802539341,66179
2021-06-16 14:54:00,113.815245592,113.820208971,113.795392075,113.820208971,53569
2021-06-16 14:53:00,113.810182945,113.820208971,113.805517369,113.820208971,7425
2021-06-16 14:52:00,113.800355454,113.810282213,113.785465317,113.800355454,32745
2021-06-16 14:51:00,113.790428696,113.810282213,113.780501938,113.800355454,40446
2021-06-16 14:50:00,113.810282213,113.820208971,113.800355454,113.800355454,1758
2021-06-16 14:49:00,113.790428696,113.835595446,113.790428696,113.820208971,26809
2021-06-16 14:48:00,113.755685043,113.800355454,113.755685043,113.800355454,8692
2021-06-16 14:47:00,113.740794906,113.750721664,113.730868147,113.750721664,15457
2021-06-16 14:46:00,113.740794906,113.740794906,113.720941389,113.736724935,11507
2021-06-16 14:45:00,113.691161115,113.754394564,113.691161115,113.740794906,22293
2021-06-16 14:44:00,113.740794906,113.740794906,113.671307599,113.691161115,112757
2021-06-16 14:43:00,113.759655746,113.77057518,113.742978792,113.750721664,40361
2021-06-16 14:42:00,113.795392075,113.795392075,113.750721664,113.755685043,9727
2021-06-16 14:41:00,113.828249645,113.828249645,113.790428696,113.790428696,36539
2021-06-16 14:40:00,113.820208971,113.840062487,113.805318834,113.830135729,83947
2021-06-16 14:39:00,113.859916003,113.869842762,113.825867223,113.830135729,112496
2021-06-16 14:38:00,113.840062487,113.87976952,113.830135729,113.869842762,9591
2021-06-16 14:37:00,113.899623036,113.899623036,113.840062487,113.840062487,49409
2021-06-16 14:36:00,113.939330069,113.939330069,113.899623036,113.899623036,132150
2021-06-16 14:35:00,113.909549794,113.949256827,113.899623036,113.93436669,47413
2021-06-16 14:34:00,113.92940331,113.92940331,113.899623036,113.909549794,63584
2021-06-16 14:33:00,113.92940331,113.93436669,113.909549794,113.92940331,10773
2021-06-16 14:32:00,113.937741787,113.937741787,113.902998134,113.924439931,31598
2021-06-16 14:31:00,113.939330069,113.939330069,113.919476552,113.92940331,7530
2021-06-16 14:30:00,113.914513173,113.939330069,113.90111205,113.930892324,12944
2021-06-16 14:29:00,113.949256827,113.9499517,113.909549794,113.911832949,11504
2021-06-16 14:28:00,113.944293448,113.959183585,113.939330069,113.958091642,33814
2021-06-16 14:27:00,113.939330069,113.939330069,113.925432607,113.939330069,5890
2021-06-16 14:26:00,113.919476552,113.939330069,113.909549794,113.933969619,14322
2021-06-16 14:25:00,113.925432607,113.927914297,113.919476552,113.919476552,1879
2021-06-16 14:24:00,113.919476552,113.939330069,113.919476552,113.919476552,7631
2021-06-16 14:23:00,113.919476552,113.939330069,113.914513173,113.92940331,23992
2021-06-16 14:22:00,113.897637684,113.919476552,113.891185292,113.909549794,8594
2021-06-16 14:21:00,113.884732899,113.899523768,113.87976952,113.897935487,17106
2021-06-16 14:20:00,113.894659657,113.896247938,113.869842762,113.88264828,72348
2021-06-16 14:19:00,113.869842762,113.889696278,113.859916003,113.889696278,22748
2021-06-16 14:18:00,113.889696278,113.889696278,113.87976952,113.87976952,2653
2021-06-16 14:17:00,113.899623036,113.904586415,113.889696278,113.899523768,11860
2021-06-16 14:16:00,113.914513173,113.939330069,113.904586415,113.904586415,27204
2021-06-16 14:15:00,113.909549794,113.924439931,113.909549794,113.909549794,4788
2021-06-16 14:14:00,113.92940331,113.939330069,113.909549794,113.919476552,18966
2021-06-16 14:13:00,113.951440714,113.954220206,113.939330069,113.939330069,19090
2021-06-16 14:12:00,113.969110343,113.969110343,113.957992374,113.959183585,6483
2021-06-16 14:11:00,113.998890618,113.998890618,113.969110343,113.974073722,5311
2021-06-16 14:10:00,114.008817376,114.008817376,113.99918842,114.008817376,21123
2021-06-16 14:09:00,114.008817376,114.008817376,113.988963859,113.998890618,21125
2021-06-16 14:08:00,114.013780755,114.03859765,113.969110343,114.003258391,95562
2021-06-16 14:07:00,113.969110343,113.998890618,113.964146964,113.998890618,39123
2021-06-16 14:06:00,113.969110343,114.008817376,113.949256827,113.959183585,100477
2021-06-16 14:05:00,113.998890618,113.998890618,113.959183585,113.964146964,123011
2021-06-16 14:04:00,114.008817376,114.048524408,114.003853997,114.003853997,73402
2021-06-16 14:03:00,114.008817376,114.033634271,113.988963859,114.018744134,41232
2021-06-16 14:02:00,114.028670892,114.028670892,113.969110343,114.008817376,71775
2021-06-16 14:01:00,114.217279297,114.222242676,114.023707513,114.023707513,128246
2021-06-16 14:00:00,114.227206055,114.232169434,114.227206055,114.227206055,31365
2021-06-16 13:59:00,114.227206055,114.237132813,114.227206055,114.227206055,2776
2021-06-16 13:58:00,114.232169434,114.237132813,114.227206055,114.232169434,33761
2021-06-16 13:57:00,114.232169434,114.237132813,114.227206055,114.232169434,40303
2021-06-16 13:56:00,114.230184082,114.237132813,114.230184082,114.234948926,2797
2021-06-16 13:55:00,114.237132813,114.237132813,114.227206055,114.227206055,29799
2021-06-16 13:54:00,114.228794336,114.237132813,114.227305323,114.237132813,1949
2021-06-16 13:53:00,114.232169434,114.237132813,114.232169434,114.237033546,4943
2021-06-16 13:52:00,114.232169434,114.235643799,114.227206055,114.232169434,13531
2021-06-16 13:51:00,114.227305323,114.237132813,114.227206055,114.232169434,29795
2021-06-16 13:50:00,114.232169434,114.237033546,114.227206055,114.232169434,35593
2021-06-16 13:49:00,114.235147462,114.236239405,114.232169434,114.236239405,2566
2021-06-16 13:48:00,114.232169434,114.232467237,114.22740459,114.229191407,1962
2021-06-16 13:47:00,114.232963575,114.237132813,114.232169434,114.237132813,47458
2021-06-16 13:46:00,114.232169434,114.236537208,114.227305323,114.229290674,7944
2021-06-16 13:45:00,114.232169434,114.232169434,114.229191407,114.232169434,5806
2021-06-16 13:44:00,114.232169434,114.233956251,114.232169434,114.232169434,3174
2021-06-16 13:43:00,114.245272755,114.245272755,114.232169434,114.237132813,5775
2021-06-16 13:42:00,114.242294727,114.242294727,114.242294727,114.242294727,5897
2021-06-16 13:41:00,114.2393167,114.24507422,114.237132813,114.242096192,10186
2021-06-16 13:40:00,114.242096192,114.247059571,114.237132813,114.242096192,6016
2021-06-16 13:39:00,114.242096192,114.247059571,114.237132813,114.237132813,4528
2021-06-16 13:38:00,114.242096192,114.242096192,114.242096192,114.242096192,1269
2021-06-16 13:37:00,114.232169434,114.247059571,114.232169434,114.242096192,24402
2021-06-16 13:36:00,114.237132813,114.237132813,114.232169434,114.232169434,4861
2021-06-16 13:35:00,114.232169434,114.237132813,114.232169434,114.232169434,10714
2021-06-16 13:34:00,114.242096192,114.247059571,114.232169434,114.237132813,79529
2021-06-16 13:33:00,114.241103516,114.242096192,114.241103516,114.242096192,2435
2021-06-16 13:32:00,114.242096192,114.247059571,114.237132813,114.242096192,48715
2021-06-16 13:31:00,114.247059571,114.247059571,114.237132813,114.242096192,2566
2021-06-16 13:30:00,114.242096192,114.247059571,114.242096192,114.242096192,4429
2021-06-16 13:29:00,114.248548585,114.248548585,114.242096192,114.246960304,31175
2021-06-16 13:28:00,114.247059571,114.255100245,114.247059571,114.25202295,18960
2021-06-16 13:27:00,114.247059571,114.255398048,114.247059571,114.249243458,29601
2021-06-16 13:26:00,114.256986329,114.256986329,114.251725148,114.251725148,379
2021-06-16 13:25:00,114.256986329,114.256986329,114.25202295,114.25202295,1188
2021-06-16 13:24:00,114.256986329,114.256986329,114.247059571,114.254405372,3075
2021-06-16 13:23:00,114.25202295,114.256986329,114.25202295,114.256986329,2860
2021-06-16 13:22:00,114.256986329,114.256986329,114.253114894,114.255695851,2012
2021-06-16 13:20:00,114.263041652,114.263041652,114.248846388,114.248846388,8467
2021-06-16 13:19:00,114.258475343,114.261949709,114.258475343,114.261949709,802
2021-06-16 13:18:00,114.266913088,114.266913088,114.256986329,114.261949709,27091
2021-06-16 13:17:00,114.261949709,114.266913088,114.256986329,114.266913088,4882
2021-06-16 13:16:00,114.258078273,114.266913088,114.258078273,114.261949709,3896
2021-06-16 13:15:00,114.266913088,114.266913088,114.266913088,114.266913088,266
2021-06-16 13:14:00,114.261949709,114.26681382,114.256986329,114.259964357,18175
2021-06-16 13:13:00,114.266913088,114.266913088,114.256986329,114.261949709,42667
2021-06-16 13:12:00,114.256489992,114.266913088,114.248052247,114.261949709,9802
2021-06-16 13:11:00,114.256986329,114.256986329,114.256986329,114.256986329,779
2021-06-16 13:10:00,114.25202295,114.256986329,114.25202295,114.256986329,4222
2021-06-16 13:08:00,114.256489992,114.256489992,114.248052247,114.25202295,12054
2021-06-16 13:07:00,114.247059571,114.25202295,114.247059571,114.25202295,1959
2021-06-16 13:06:00,114.250732472,114.256589259,114.247059571,114.256589259,919
2021-06-16 13:05:00,114.247059571,114.256986329,114.247059571,114.252320753,40749
2021-06-16 13:04:00,114.242096192,114.247059571,114.238125489,114.246166163,5931
2021-06-16 13:03:00,114.242096192,114.244974952,114.242096192,114.244974952,1170
2021-06-16 13:02:00,114.245570558,114.245570558,114.238125489,114.242096192,802
2021-06-16 13:01:00,114.245570558,114.247059571,114.241599854,114.247059571,4304
2021-06-16 13:00:00,114.245570558,114.247059571,114.245570558,114.247059571,904
2021-06-16 12:59:00,114.243088868,114.243088868,114.243088868,114.243088868,262
2021-06-16 12:58:00,114.242096192,114.247059571,114.238621827,114.246463966,2187
2021-06-16 12:57:00,114.2393167,114.242096192,114.2393167,114.242096192,771
2021-06-16 12:56:00,114.238721094,114.247059571,114.238721094,114.242096192,10048
2021-06-16 12:55:00,114.242096192,114.247059571,114.242096192,114.245372022,981
2021-06-16 12:54:00,114.25202295,114.25202295,114.247059571,114.247059571,12861
2021-06-16 12:53:00,114.256986329,114.256986329,114.248548585,114.248548585,401
2021-06-16 12:52:00,114.25202295,114.256887062,114.25202295,114.256887062,2989
2021-06-16 12:51:00,114.248647853,114.248647853,114.248647853,114.248647853,1633
2021-06-16 12:50:00,114.256192189,114.256986329,114.248945655,114.248945655,1188
2021-06-16 12:49:00,114.255199513,114.255199513,114.25202295,114.25202295,2991
2021-06-16 12:48:00,114.249243458,114.256986329,114.247059571,114.25202295,2525
2021-06-16 12:46:00,114.255497316,114.255497316,114.25202295,114.25202295,551
2021-06-16 12:45:00,114.256986329,114.256986329,114.25202295,114.25202295,22363
2021-06-16 12:44:00,114.261949709,114.265920412,114.256986329,114.265920412,2933
2021-06-16 12:43:00,114.26681382,114.266913088,114.261949709,114.261949709,50964
2021-06-16 12:42:00,114.25202295,114.265424074,114.25202295,114.261949709,32421
2021-06-16 12:41:00,114.247059571,114.256887062,114.247059571,114.249044923,1630
2021-06-16 12:40:00,114.255795119,114.255795119,114.255795119,114.255795119,319
2021-06-16 12:39:00,114.25202295,114.256986329,114.247059571,114.256986329,5548
2021-06-16 12:38:00,114.256390724,114.256390724,114.25202295,114.25202295,2515
2021-06-16 12:37:00,114.25202295,114.256986329,114.247059571,114.256986329,2948
2021-06-16 12:36:00,114.25202295,114.256986329,114.251427345,114.256986329,2938
2021-06-16 12:35:00,114.25202295,114.25202295,114.247059571,114.249243458,3097
2021-06-16 12:34:00,114.25202295,114.256986329,114.248250782,114.255497316,46854
2021-06-16 12:33:00,114.254008302,114.256986329,114.248846388,114.256489992,1303
2021-06-16 12:32:00,114.242096192,114.254802443,114.242096192,114.25202295,20327
2021-06-16 12:31:00,114.238125489,114.245272755,114.237232081,114.237629151,12633
2021-06-16 12:30:00,114.242096192,114.242096192,114.2393167,114.2393167,1540
2021-06-16 12:29:00,114.238125489,114.24219546,114.238125489,114.24219546,3234
2021-06-16 12:28:00,114.245372022,114.245372022,114.239217432,114.242096192,2557
2021-06-16 12:27:00,114.242096192,114.242096192,114.2393167,114.2393167,889
2021-06-16 12:26:00,114.248548585,114.254008302,114.237132813,114.247059571,71898
2021-06-16 12:25:00,114.256986329,114.256986329,114.247059571,114.247059571,1564
2021-06-16 12:24:00,114.256986329,114.256986329,114.250037599,114.253214161,2546
2021-06-16 12:23:00,114.250533937,114.256986329,114.250533937,114.256986329,481
2021-06-16 12:22:00,114.266913088,114.266913088,114.256986329,114.256986329,6708
2021-06-16 12:21:00,114.274159621,114.274159621,114.261949709,114.266913088,4226
2021-06-16 12:20:00,114.271876467,114.276839846,114.266913088,114.271876467,5285
2021-06-16 12:19:00,114.276839846,114.276839846,114.267409426,114.267409426,59374
2021-06-16 12:18:00,114.266913088,114.276839846,114.266913088,114.270883791,2274
2021-06-16 12:17:00,114.271876467,114.27584717,114.268501369,114.268501369,1888
2021-06-16 12:16:00,114.268600637,114.276839846,114.266913088,114.274953762,5810
2021-06-16 12:15:00,114.279817873,114.279817873,114.266913088,114.271876467,19868
2021-06-16 12:14:00,114.28527759,114.28527759,114.276839846,114.284781252,7267
2021-06-16 12:13:00,114.281803225,114.281803225,114.276839846,114.27832886,2503
2021-06-16 12:12:00,114.271876467,114.276839846,114.268997707,114.276839846,12246
2021-06-16 12:11:00,114.271876467,114.276839846,114.266913088,114.271876467,10958
2021-06-16 12:10:00,114.272869143,114.27584717,114.268898439,114.275549367,2829
2021-06-16 12:09:00,114.271876467,114.273266213,114.267905763,114.267905763,2751
2021-06-16 12:08:00,114.271876467,114.276740578,114.266913088,114.266913088,99845
2021-06-16 12:07:00,114.276839846,114.276839846,114.266913088,114.276839846,15558
2021-06-16 12:06:00,114.271876467,114.276839846,114.269096974,114.271876467,1923
2021-06-16 12:05:00,114.266913088,114.276839846,114.266913088,114.268799172,4979
2021-06-16 12:04:00,114.271876467,114.271876467,114.268799172,114.268799172,3636
2021-06-16 12:03:00,114.271876467,114.271876467,114.271876467,114.271876467,1016
2021-06-16 12:02:00,114.274358156,114.274358156,114.266913088,114.266913088,4716
2021-06-16 12:01:00,114.271876467,114.276343508,114.271876467,114.271876467,1738
2021-06-16 12:00:00,114.276839846,114.276839846,114.271677932,114.276343508,4359
2021-06-16 11:59:00,114.269096974,114.276442775,114.266913088,114.276442775,4491
2021-06-16 11:58:00,114.275350832,114.276839846,114.271876467,114.271876467,501
2021-06-16 11:57:00,114.271876467,114.275350832,114.266913088,114.266913088,10892
2021-06-16 11:56:00,114.269096974,114.27584717,114.266913088,114.27584717,80883
2021-06-16 11:55:00,114.273067678,114.276740578,114.271876467,114.276740578,1705
2021-06-16 11:54:00,114.27584717,114.27584717,114.271876467,114.274060354,3603
2021-06-16 11:53:00,114.271876467,114.274655959,114.266913088,114.266913088,1484
2021-06-16 11:52:00,114.2754501,114.2754501,114.266913088,114.275251564,11258
2021-06-16 11:51:00,114.268898439,114.271876467,114.268898439,114.271876467,5805
2021-06-16 11:50:00,114.271876467,114.276839846,114.266913088,114.271876467,51738
2021-06-16 11:49:00,114.274655959,114.276839846,114.269096974,114.271876467,2968
2021-06-16 11:48:00,114.271876467,114.276839846,114.268699904,114.276839846,2742
2021-06-16 11:47:00,114.266913088,114.271876467,114.266913088,114.271876467,51007
2021-06-16 11:46:00,114.261949709,114.266913088,114.261949709,114.266913088,1131
2021-06-16 11:45:00,114.266913088,114.266913088,114.259170216,114.261949709,1233
2021-06-16 11:44:00,114.256986329,114.262843117,114.256986329,114.262843117,834
2021-06-16 11:43:00,114.261949709,114.266913088,114.258078273,114.261949709,3363
2021-06-16 11:42:00,114.265424074,114.265424074,114.258673878,114.263736525,3324
2021-06-16 11:41:00,114.25202295,114.261949709,114.25202295,114.261949709,3138
2021-06-16 11:40:00,114.2393167,114.25202295,114.2393167,114.25202295,1555
2021-06-16 11:39:00,114.240706446,114.247059571,114.240706446,114.247059571,7380
2021-06-16 11:38:00,114.242096192,114.247059571,114.239614503,114.242096192,7260
2021-06-16 11:37:00,114.242096192,114.247059571,114.237232081,114.2393167,11056
2021-06-16 11:36:00,114.232169434,114.242096192,114.232169434,114.242096192,58749
2021-06-16 11:35:00,114.232169434,114.232169434,114.232169434,114.232169434,6273
2021-06-16 11:34:00,114.232169434,114.234948926,114.227206055,114.232169434,7074
2021-06-16 11:33:00,114.232169434,114.237132813,114.227206055,114.237132813,14127
2021-06-16 11:32:00,114.232169434,114.235643799,114.228198731,114.235643799,8978
2021-06-16 11:31:00,114.232169434,114.237132813,114.227206055,114.237132813,12399
2021-06-16 11:30:00,114.242096192,114.242096192,114.227206055,114.232169434,85996
2021-06-16 11:29:00,114.242096192,114.242096192,114.242096192,114.242096192,1400
2021-06-16 11:28:00,114.242096192,114.246960304,114.237132813,114.242096192,3845
2021-06-16 11:27:00,114.2393167,114.244875685,114.2393167,114.244875685,1241
2021-06-16 11:26:00,114.237232081,114.246166163,114.237232081,114.240110841,3176
2021-06-16 11:25:00,114.242096192,114.242096192,114.237232081,114.237232081,5500
2021-06-16 11:24:00,114.24507422,114.245570558,114.240110841,114.245570558,2735
2021-06-16 11:23:00,114.242096192,114.247059571,114.237132813,114.237132813,1030
2021-06-16 11:22:00,114.245570558,114.247059571,114.242096192,114.243088868,1505
2021-06-16 11:21:00,114.242096192,114.245769093,114.242096192,114.245769093,3070
2021-06-16 11:20:00,114.247059571,114.247059571,114.237132813,114.242096192,1890
2021-06-16 11:19:00,114.246960304,114.246960304,114.238820362,114.246066896,3137
2021-06-16 11:18:00,114.242096192,114.247059571,114.238621827,114.242096192,6850
2021-06-16 11:17:00,114.237132813,114.247059571,114.237132813,114.241004249,9711
2021-06-16 11:16:00,114.217279297,114.227206055,114.217279297,114.227206055,2845
2021-06-16 11:15:00,114.21509541,114.217279297,114.21509541,114.217279297,887
2021-06-16 11:14:00,114.212315918,114.217279297,114.207352539,114.207352539,4524
2021-06-16 11:13:00,114.21509541,114.216782959,114.208245947,114.208245947,1083
2021-06-16 11:12:00,114.212613721,114.212613721,114.212613721,114.212613721,479
2021-06-16 11:11:00,114.212315918,114.217279297,114.212315918,114.217279297,75729
2021-06-16 11:10:00,114.212315918,114.21509541,114.208345215,114.21509541,3530
2021-06-16 11:09:00,114.212315918,114.213705664,114.207352539,114.212315918,1572
2021-06-16 11:08:00,114.215790283,114.216882227,114.20894082,114.20894082,3261
2021-06-16 11:07:00,114.222242676,114.222242676,114.207352539,114.207352539,6075
2021-06-16 11:06:00,114.225419239,114.225419239,114.222242676,114.225022168,1745
2021-06-16 11:05:00,114.218768311,114.226213379,114.217279297,114.225121436,1216
2021-06-16 11:04:00,114.21469834,114.222242676,114.21469834,114.222242676,2393
2021-06-16 11:03:00,114.217279297,114.217279297,114.207451806,114.217279297,1280
2021-06-16 11:02:00,114.217279297,114.217279297,114.209437158,114.209437158,13270
2021-06-16 11:01:00,114.214301269,114.217279297,114.210429834,114.212315918,1260
2021-06-16 11:00:00,114.217279297,114.217279297,114.207352539,114.217279297,1987
2021-06-16 10:59:00,114.20566499,114.217279297,114.20238916,114.217279297,13736
2021-06-16 10:58:00,114.197425781,114.199014062,114.197425781,114.198120654,19514
2021-06-16 10:57:00,114.20238916,114.207253271,114.197425781,114.207253271,15006
2021-06-16 10:56:00,114.197425781,114.205466455,114.197425781,114.204076709,27258
2021-06-16 10:55:00,114.197326513,114.205168652,114.192462401,114.197425781,2866
2021-06-16 10:54:00,114.192462401,114.197425781,114.189087304,114.197425781,1220
2021-06-16 10:53:00,114.197425781,114.197425781,114.189087304,114.189087304,2290
2021-06-16 10:52:00,114.182535643,114.192462401,114.182535643,114.192462401,15358
2021-06-16 10:51:00,114.185017333,114.187499022,114.185017333,114.187499022,967
2021-06-16 10:50:00,114.182535643,114.187499022,114.180550292,114.187399755,5609
2021-06-16 10:49:00,114.186704882,114.187499022,114.186704882,114.187499022,3132
2021-06-16 10:48:00,114.186506347,114.187499022,114.177572264,114.187499022,13949
2021-06-16 10:47:00,114.179557616,114.187499022,114.179557616,114.182535643,23811
2021-06-16 10:46:00,114.179061278,114.182535643,114.177572264,114.182535643,860
2021-06-16 10:45:00,114.180550292,114.187499022,114.179061278,114.186506347,6704
2021-06-16 10:44:00,114.187499022,114.187499022,114.182535643,114.182535643,3553
2021-06-16 10:43:00,114.195936767,114.195936767,114.188988036,114.188988036,896
2021-06-16 10:42:00,114.187499022,114.197425781,114.187499022,114.192462401,693
2021-06-16 10:41:00,114.197425781,114.205168652,114.197425781,114.197425781,20702
2021-06-16 10:40:00,114.206359863,114.206359863,114.206359863,114.206359863,455
2021-06-16 10:39:00,114.200403808,114.207352539,114.197425781,114.20238916,2012
2021-06-16 10:38:00,114.197425781,114.207352539,114.197425781,114.20238916,5437
2021-06-16 10:37:00,114.205466455,114.207352539,114.198418456,114.199609667,10016
2021-06-16 10:36:00,114.19990747,114.20238916,114.197525048,114.197525048,9655
2021-06-16 10:35:00,114.205466455,114.207253271,114.199609667,114.207253271,950
2021-06-16 10:34:00,114.197425781,114.207352539,114.197425781,114.197425781,2378
2021-06-16 10:33:00,114.20238916,114.207352539,114.198914794,114.198914794,555
2021-06-16 10:32:00,114.20238916,114.20238916,114.20238916,114.20238916,356
2021-06-16 10:31:00,114.20238916,114.206955468,114.199411132,114.199411132,2992
2021-06-16 10:30:00,114.207352539,114.207352539,114.207352539,114.207352539,712
2021-06-16 10:29:00,114.217279297,114.217279297,114.20238916,114.205863525,16710
2021-06-16 10:28:00,114.207352539,114.207352539,114.207352539,114.207352539,989
2021-06-16 10:27:00,114.197425781,114.197425781,114.192462401,114.197425781,13501
2021-06-16 10:26:00,114.197425781,114.197425781,114.187499022,114.195936767,1148
2021-06-16 10:25:00,114.197425781,114.197425781,114.197227245,114.197227245,809
2021-06-16 10:24:00,114.197326513,114.197326513,114.197326513,114.197326513,476
2021-06-16 10:23:00,114.197425781,114.197425781,114.192462401,114.192462401,1035
2021-06-16 10:22:00,114.197425781,114.197425781,114.188988036,114.188988036,67313
2021-06-16 10:21:00,114.192462401,114.197326513,114.187499022,114.192462401,66775
2021-06-16 10:20:00,114.187499022,114.192462401,114.187499022,114.187499022,95533
2021-06-16 10:19:00,114.187499022,114.187499022,114.182535643,114.187399755,5496
2021-06-16 10:18:00,114.179061278,114.187499022,114.179061278,114.187499022,1982
2021-06-16 10:17:00,114.187499022,114.192462401,114.179656883,114.182535643,43147
2021-06-16 10:16:00,114.186804149,114.187499022,114.186010009,114.186010009,1645
2021-06-16 10:15:00,114.187499022,114.187499022,114.180451024,114.187499022,8059
2021-06-16 10:14:00,114.192462401,114.196929443,114.187499022,114.187499022,40357
2021-06-16 10:13:00,114.187499022,114.195936767,114.187499022,114.195936767,6057
2021-06-16 10:12:00,114.187499022,114.195936767,114.187499022,114.195936767,1198
2021-06-16 10:11:00,114.198914794,114.207352539,114.192462401,114.192462401,3914
2021-06-16 10:10:00,114.217279297,114.222242676,114.205565722,114.205565722,25070
2021-06-16 10:09:00,114.222143408,114.227206055,114.222143408,114.227206055,920
2021-06-16 10:08:00,114.215790283,114.227106787,114.215790283,114.227106787,25189
2021-06-16 10:07:00,114.212315918,114.217279297,114.209536426,114.217279297,7705
2021-06-16 10:06:00,114.216882227,114.216882227,114.212315918,114.212315918,5634
2021-06-16 10:05:00,114.22164707,114.225022168,114.217676367,114.217676367,1337
2021-06-16 10:04:00,114.232169434,114.232169434,114.217279297,114.222242676,6209
2021-06-16 10:03:00,114.232169434,114.232169434,114.227206055,114.227206055,16184
2021-06-16 10:02:00,114.23643794,114.237132813,114.227206055,114.232169434,23172
2021-06-16 10:01:00,114.231077491,114.237132813,114.227503858,114.237132813,11175
2021-06-16 10:00:00,114.234948926,114.237132813,114.232169434,114.236140137,2018
2021-06-16 09:59:00,114.237033546,114.237132813,114.227206055,114.232169434,91178
2021-06-16 09:58:00,114.217279297,114.237132813,114.217279297,114.237132813,86522
2021-06-16 09:57:00,114.222242676,114.227206055,114.219463184,114.227206055,8331
2021-06-16 09:56:00,114.237132813,114.237132813,114.217279297,114.222242676,11919
2021-06-16 09:55:00,114.236934278,114.236934278,114.228695069,114.232169434,2393
2021-06-16 09:54:00,114.228794336,114.230481885,114.227206055,114.227206055,3507
2021-06-16 09:53:00,114.232169434,114.232169434,114.232169434,114.232169434,6740
2021-06-16 09:52:00,114.222242676,114.237132813,114.222242676,114.237132813,9589
2021-06-16 09:51:00,114.222242676,114.226213379,114.222242676,114.222242676,4393
2021-06-16 09:50:00,114.237132813,114.237132813,114.222242676,114.222242676,2905
2021-06-16 09:49:00,114.232169434,114.237132813,114.227206055,114.237132813,23666
2021-06-16 09:48:00,114.232169434,114.237132813,114.231276026,114.232169434,6710
2021-06-16 09:47:00,114.232169434,114.232169434,114.227206055,114.232169434,5914
2021-06-16 09:46:00,114.238621827,114.242096192,114.232169434,114.232169434,3117
2021-06-16 09:45:00,114.232169434,114.237132813,114.230481885,114.237132813,8483
2021-06-16 09:44:00,114.237132813,114.237132813,114.227206055,114.227206055,35380
2021-06-16 09:43:00,114.242096192,114.242096192,114.227206055,114.229389942,4988
2021-06-16 09:42:00,114.237132813,114.244577882,114.232169434,114.242096192,8816
2021-06-16 09:41:00,114.227206055,114.247059571,114.227206055,114.242096192,13776
2021-06-16 09:40:00,114.222242676,114.227206055,114.222242676,114.222242676,3568
2021-06-16 09:39:00,114.217279297,114.227206055,114.207352539,114.227206055,29520
2021-06-16 09:38:00,114.217279297,114.217279297,114.212315918,114.217279297,1648
2021-06-16 09:37:00,114.212315918,114.217279297,114.210330566,114.217279297,5076
2021-06-16 09:36:00,114.207352539,114.212315918,114.207352539,114.212315918,2813
2021-06-16 09:35:00,114.207253271,114.212315918,114.207253271,114.212315918,7148
2021-06-16 09:34:00,114.217279297,114.217279297,114.197425781,114.197425781,14660
2021-06-16 09:33:00,114.219760986,114.222441211,114.217279297,114.222441211,3430
2021-06-16 09:32:00,114.217279297,114.217279297,114.212315918,114.217279297,5881
2021-06-16 09:31:00,114.227206055,114.237132813,114.217279297,114.217279297,153319
2021-06-16 09:23:00,114.157718748,114.157718748,114.157718748,114.157718748,308
2021-06-15 17:08:00,114.108084957,114.108084957,114.108084957,114.108084957,100
2021-06-15 16:00:00,114.132901853,114.157718748,114.128037741,114.152755369,269110
2021-06-15 15:59:00,114.132901853,114.137865232,114.127938474,114.137865232,61400
2021-06-15 15:58:00,114.132901853,114.137865232,114.129427487,114.132901853,40472
2021-06-15 15:57:00,114.132901853,114.137865232,114.132901853,114.132901853,48052
2021-06-15 15:56:00,114.127938474,114.137865232,114.127938474,114.132901853,31628
2021-06-15 15:55:00,114.132901853,114.134589401,114.127938474,114.127938474,39508
2021-06-15 15:54:00,114.127938474,114.137865232,114.127938474,114.134490134,22852
2021-06-15 15:53:00,114.132901853,114.137865232,114.127938474,114.137865232,28076
2021-06-15 15:52:00,114.132901853,114.137865232,114.127938474,114.127938474,15652
2021-06-15 15:51:00,114.137865232,114.137865232,114.127938474,114.132901853,27849
2021-06-15 15:50:00,114.132901853,114.137865232,114.127938474,114.132901853,51757
2021-06-15 15:49:00,114.128931149,114.132901853,114.127938474,114.127938474,6601
2021-06-15 15:48:00,114.127938474,114.136872556,114.127938474,114.136872556,19824
2021-06-15 15:47:00,114.132901853,114.137765964,114.127938474,114.132901853,6209
2021-06-15 15:46:00,114.135681345,114.137865232,114.127938474,114.132901853,6714
2021-06-15 15:45:00,114.132901853,114.137865232,114.132008444,114.132901853,9044
2021-06-15 15:44:00,114.132901853,114.137865232,114.127938474,114.132901853,10372
2021-06-15 15:43:00,114.132901853,114.135383542,114.127938474,114.132901853,63004
2021-06-15 15:42:00,114.132405515,114.137865232,114.127938474,114.136872556,10203
2021-06-15 15:41:00,114.13012236,114.137865232,114.13012236,114.132901853,7589
2021-06-15 15:40:00,114.129923825,114.134887204,114.127938474,114.127938474,6120
2021-06-15 15:39:00,114.132901853,114.137865232,114.127938474,114.136872556,10199
2021-06-15 15:38:00,114.129626022,114.137865232,114.127938474,114.127938474,8083
2021-06-15 15:37:00,114.127938474,114.137865232,114.127938474,114.127938474,9130
2021-06-15 15:36:00,114.132901853,114.137865232,114.127938474,114.127938474,4072
2021-06-15 15:35:00,114.135085739,114.137865232,114.127938474,114.132901853,13459
2021-06-15 15:34:00,114.133199655,114.137865232,114.130618698,114.130618698,5111
2021-06-15 15:33:00,114.137865232,114.137865232,114.128931149,114.132901853,6467
2021-06-15 15:32:00,114.132901853,114.137865232,114.127938474,114.132901853,4494
2021-06-15 15:31:00,114.137865232,114.137865232,114.132901853,114.132901853,7864
2021-06-15 15:30:00,114.143920554,114.147196384,114.137865232,114.142828611,22000
2021-06-15 15:29:00,114.142828611,114.142828611,114.137865232,114.142828611,11464
2021-06-15 15:28:00,114.142828611,114.14779199,114.137865232,114.14779199,5967
2021-06-15 15:27:00,114.137865232,114.14779199,114.137865232,114.142828611,4036
2021-06-15 15:26:00,114.142828611,114.147097117,114.137865232,114.137865232,28483
2021-06-15 15:25:00,114.142233005,114.142828611,114.141141062,114.142828611,2726
2021-06-15 15:24:00,114.137865232,114.147097117,114.137865232,114.142828611,24500
2021-06-15 15:23:00,114.142828611,114.145608103,114.137865232,114.145608103,6366
2021-06-15 15:22:00,114.137865232,114.14779199,114.137865232,114.142828611,5147
2021-06-15 15:21:00,114.140049118,114.147295652,114.137865232,114.141835935,7287
2021-06-15 15:20:00,114.137865232,114.14779199,114.137865232,114.14779199,11665
2021-06-15 15:19:00,114.142828611,114.145806638,114.137865232,114.142828611,11385
2021-06-15 15:18:00,114.142828611,114.142828611,114.142828611,114.142828611,832
2021-06-15 15:17:00,114.142828611,114.147692722,114.137865232,114.142530808,6202
2021-06-15 15:16:00,114.14779199,114.14779199,114.137865232,114.142828611,14679
2021-06-15 15:15:00,114.139850583,114.14779199,114.138460837,114.145608103,7395
2021-06-15 15:14:00,114.14779199,114.14779199,114.139453513,114.142828611,3411
2021-06-15 15:13:00,114.147692722,114.14779199,114.137964499,114.142828611,8019
2021-06-15 15:12:00,114.142828611,114.14779199,114.137865232,114.143821287,6553
2021-06-15 15:11:00,114.142828611,114.147494187,114.137865232,114.142828611,9372
2021-06-15 15:10:00,114.142828611,114.146799314,114.142828611,114.145608103,3837
2021-06-15 15:09:00,114.142828611,114.14779199,114.137964499,114.14779199,3814
2021-06-15 15:08:00,114.142828611,114.147692722,114.138659372,114.138659372,38886
2021-06-15 15:07:00,114.142828611,114.146203709,114.137865232,114.143523484,10451
2021-06-15 15:06:00,114.14779199,114.14779199,114.140843259,114.142828611,38009
2021-06-15 15:05:00,114.14779199,114.14779199,114.140049118,114.14779199,2338
2021-06-15 15:04:00,114.14779199,114.14779199,114.140049118,114.14779199,7087
2021-06-15 15:03:00,114.14779199,114.14779199,114.139751316,114.14779199,2232
2021-06-15 15:02:00,114.144019822,114.14779199,114.142828611,114.14779199,4570
2021-06-15 15:01:00,114.14779199,114.14779199,114.142828611,114.142828611,11244
2021-06-15 15:00:00,114.14779199,114.14779199,114.142828611,114.14779199,3551
2021-06-15 14:59:00,114.149281004,114.149281004,114.140049118,114.142828611,14475
2021-06-15 14:58:00,114.152457566,114.156229734,114.147891257,114.152755369,4505
2021-06-15 14:57:00,114.15761948,114.15761948,114.149975877,114.152755369,1520
2021-06-15 14:56:00,114.157718748,114.157718748,114.152755369,114.155534861,1667
2021-06-15 14:55:00,114.152755369,114.15761948,114.14779199,114.14779199,22446
2021-06-15 14:54:00,114.15761948,114.157718748,114.14779199,114.152755369,49009
2021-06-15 14:53:00,114.152755369,114.157718748,114.14779199,114.15761948,8410
2021-06-15 14:52:00,114.14779199,114.15761948,114.142828611,114.152755369,14980
2021-06-15 14:51:00,114.14779199,114.14779199,114.142828611,114.14779199,107115
2021-06-15 14:50:00,114.142828611,114.147692722,114.137865232,114.142828611,3329
2021-06-15 14:49:00,114.14779199,114.14779199,114.137865232,114.142828611,14057
2021-06-15 14:48:00,114.149578806,114.157420945,114.14779199,114.14779199,5859
2021-06-15 14:47:00,114.152755369,114.154442918,114.14779199,114.152755369,19546
2021-06-15 14:46:00,114.162682127,114.167149168,114.149975877,114.152755369,56049
2021-06-15 14:45:00,114.157718748,114.165461619,114.157718748,114.165461619,2935
2021-06-15 14:44:00,114.162682127,114.167645506,114.157718748,114.167645506,25827
2021-06-15 14:43:00,114.157718748,114.167645506,114.157718748,114.165461619,9889
2021-06-15 14:42:00,114.165759422,114.165759422,114.157718748,114.161887986,4604
2021-06-15 14:41:00,114.162682127,114.165957957,114.157718748,114.162682127,12699
2021-06-15 14:40:00,114.175388377,114.177572264,114.157718748,114.16665283,17594
2021-06-15 14:39:00,114.173899364,114.177572264,114.172608885,114.172608885,3118
2021-06-15 14:38:00,114.177572264,114.177572264,114.167943309,114.172608885,9239
2021-06-15 14:37:00,114.169333055,114.172608885,114.16913452,114.16913452,1100
2021-06-15 14:36:00,114.162682127,114.177572264,114.162682127,114.17568618,5098
2021-06-15 14:35:00,114.165461619,114.167645506,114.157718748,114.167546239,8169
2021-06-15 14:34:00,114.152755369,114.167645506,114.150770017,114.162781395,26448
2021-06-15 14:33:00,114.152755369,114.152755369,114.14779199,114.152755369,4894
2021-06-15 14:32:00,114.142828611,114.157718748,114.139850583,114.14779199,99212
2021-06-15 14:31:00,114.142828611,114.146402244,114.141141062,114.142828611,4832
2021-06-15 14:30:00,114.142828611,114.142828611,114.137865232,114.142828611,13387
2021-06-15 14:29:00,114.139552781,114.14779199,114.137865232,114.14779199,2999
2021-06-15 14:28:00,114.137865232,114.147692722,114.137865232,114.142828611,37391
2021-06-15 14:27:00,114.138659372,114.14779199,114.137865232,114.142828611,1699
2021-06-15 14:26:00,114.142828611,114.142828611,114.142828611,114.142828611,518
2021-06-15 14:25:00,114.137865232,114.146799314,114.137865232,114.142828611,8332
2021-06-15 14:24:00,114.146005173,114.146799314,114.137865232,114.137865232,2334
2021-06-15 14:23:00,114.142828611,114.142828611,114.142828611,114.142828611,1422
2021-06-15 14:22:00,114.142828611,114.14779199,114.139751316,114.142828611,4388
2021-06-15 14:21:00,114.14779199,114.14779199,114.137865232,114.142828611,2881
2021-06-15 14:20:00,114.142828611,114.14779199,114.137865232,114.14779199,6072
2021-06-15 14:19:00,114.14779199,114.14779199,114.137865232,114.14779199,9230
2021-06-15 14:18:00,114.146005173,114.14779199,114.142828611,114.14779199,4280
2021-06-15 14:17:00,114.14779199,114.14779199,114.144119089,114.14779199,5839
2021-06-15 14:16:00,114.14779199,114.14779199,114.1416374,114.14779199,10045
2021-06-15 14:15:00,114.14779199,114.14779199,114.139354245,114.144813962,5748
2021-06-15 14:14:00,114.14779199,114.14779199,114.137865232,114.142828611,67208
2021-06-15 14:13:00,114.146302976,114.14779199,114.142828611,114.142828611,4180
2021-06-15 14:12:00,114.142828611,114.142828611,114.142828611,114.142828611,1877
2021-06-15 14:11:00,114.139354245,114.14779199,114.137865232,114.142828611,34451
2021-06-15 14:10:00,114.129427487,114.142828611,114.127938474,114.142828611,80391
2021-06-15 14:09:00,114.127938474,114.137865232,114.127938474,114.128931149,36758
2021-06-15 14:08:00,114.122975094,114.127938474,114.119004391,114.119004391,1523
2021-06-15 14:07:00,114.127938474,114.127938474,114.119004391,114.122975094,1552
2021-06-15 14:06:00,114.113048336,114.122975094,114.113048336,114.118110983,2756
2021-06-15 14:05:00,114.113048336,114.113048336,114.108084957,114.108084957,1148
2021-06-15 14:04:00,114.113048336,114.118011715,114.108084957,114.11701904,4302
2021-06-15 14:03:00,114.118011715,114.118011715,114.108084957,114.118011715,20288
2021-06-15 14:02:00,114.113048336,114.11701904,114.108184225,114.108184225,7209
2021-06-15 14:01:00,114.113048336,114.116522702,114.108084957,114.116522702,1870
2021-06-15 14:00:00,114.113048336,114.118011715,114.113048336,114.118011715,2254
2021-06-15 13:59:00,114.113048336,114.11701904,114.113048336,114.113048336,1212
2021-06-15 13:58:00,114.116026364,114.116026364,114.108084957,114.108084957,2583
2021-06-15 13:57:00,114.118011715,114.118508053,114.068377925,114.108184225,1008142
2021-06-15 13:56:00,114.103121578,114.108084957,114.103121578,114.108084957,916
2021-06-15 13:55:00,114.108084957,114.108084957,114.100342086,114.103121578,1735
2021-06-15 13:54:00,114.108084957,114.108084957,114.099647213,114.108084957,6308
2021-06-15 13:53:00,114.089224117,114.108084957,114.089224117,114.108084957,2354
2021-06-15 13:52:00,114.09686772,114.097165523,114.09319482,114.09319482,1483
2021-06-15 13:51:00,114.09319482,114.098158199,114.09319482,114.098158199,1273
2021-06-15 13:50:00,114.098158199,114.098158199,114.09319482,114.09319482,5556
2021-06-15 13:49:00,114.088231441,114.098158199,114.082573189,114.098158199,4122
2021-06-15 13:48:00,114.077312007,114.088231441,114.077312007,114.088231441,53546
2021-06-15 13:47:00,114.074333979,114.074333979,114.0693706,114.074333979,784
2021-06-15 13:46:00,114.078304683,114.078304683,114.070561811,114.073341304,2478
2021-06-15 13:45:00,114.070561811,114.078304683,114.070561811,114.078304683,1283
2021-06-15 13:44:00,114.070561811,114.076716401,114.070561811,114.076120796,1434
2021-06-15 13:43:00,114.078304683,114.078304683,114.077312007,114.077312007,2399
2021-06-15 13:42:00,114.077312007,114.077312007,114.070561811,114.073341304,2757
2021-06-15 13:41:00,114.068377925,114.074631782,114.068377925,114.074631782,4984
2021-06-15 13:40:00,114.063414546,114.063414546,114.059046772,114.059046772,587
2021-06-15 13:39:00,114.067385249,114.068377925,114.067385249,114.068377925,3736
2021-06-15 13:38:00,114.066491841,114.067385249,114.063414546,114.063414546,3808
2021-06-15 13:37:00,114.058550434,114.068377925,114.058451166,114.064705024,7362
2021-06-15 13:36:00,114.068377925,114.068377925,114.058451166,114.068377925,4153
2021-06-15 13:35:00,114.068377925,114.068377925,114.058451166,114.066194038,21109
2021-06-15 13:34:00,114.068377925,114.068377925,114.058451166,114.067385249,38969
2021-06-15 13:33:00,114.077312007,114.077312007,114.063414546,114.063414546,28577
2021-06-15 13:32:00,114.068377925,114.068377925,114.068377925,114.068377925,4454
2021-06-15 13:31:00,114.069866938,114.078304683,114.068377925,114.068377925,31091
2021-06-15 13:30:00,114.070561811,114.073341304,114.068377925,114.068377925,22662
2021-06-15 13:29:00,114.073341304,114.078304683,114.068377925,114.070561811,41647
2021-06-15 13:28:00,114.068377925,114.078304683,114.068377925,114.073341304,23677
2021-06-15 13:27:00,114.068377925,114.068377925,114.058451166,114.068377925,2312
2021-06-15 13:26:00,114.066888911,114.066888911,114.05994018,114.05994018,1147
2021-06-15 13:25:00,114.058451166,114.068377925,114.058451166,114.063414546,3575
2021-06-15 13:24:00,114.050013422,114.058252631,114.050013422,114.053487787,2456
2021-06-15 13:23:00,114.058451166,114.058451166,114.058451166,114.058451166,643
2021-06-15 13:22:00,114.063414546,114.063414546,114.058451166,114.058451166,1588
2021-06-15 13:21:00,114.068377925,114.068377925,114.068377925,114.068377925,3402
2021-06-15 13:20:00,114.068377925,114.078304683,114.068377925,114.072844966,2949
2021-06-15 13:19:00,114.068377925,114.078205415,114.068377925,114.073341304,1497
2021-06-15 13:18:00,114.073341304,114.073341304,114.063414546,114.063414546,8279
2021-06-15 13:17:00,114.073341304,114.078304683,114.073341304,114.073341304,1155
2021-06-15 13:16:00,114.077312007,114.078304683,114.068377925,114.068377925,21110
2021-06-15 13:15:00,114.073341304,114.076815669,114.068377925,114.068477192,10402
2021-06-15 13:14:00,114.073341304,114.078304683,114.073341304,114.078304683,331
2021-06-15 13:13:00,114.068377925,114.068377925,114.068377925,114.068377925,812
2021-06-15 13:12:00,114.060635053,114.063414546,114.060635053,114.061429194,2646
2021-06-15 13:11:00,114.062223335,114.06609477,114.062223335,114.064109419,825
2021-06-15 13:10:00,114.076716401,114.076716401,114.068278657,114.068278657,4270
2021-06-15 13:09:00,114.073341304,114.078304683,114.070164741,114.070164741,4180
2021-06-15 13:08:00,114.071355952,114.078304683,114.068377925,114.070561811,23500
2021-06-15 13:07:00,114.078304683,114.083268062,114.068477192,114.068477192,7714
2021-06-15 13:05:00,114.088231441,114.095974312,114.068477192,114.078304683,7889
2021-06-15 13:04:00,114.09319482,114.098158199,114.09319482,114.096669185,1795
2021-06-15 13:03:00,114.09319482,114.096669185,114.078304683,114.096669185,28352
2021-06-15 13:02:00,114.058153364,114.108084957,114.053487787,114.098158199,141770
2021-06-15 13:01:00,114.058451166,114.058451166,114.048524408,114.053487787,7368
2021-06-15 13:00:00,114.053487787,114.054579731,114.048524408,114.054579731,2097
2021-06-15 12:59:00,114.050013422,114.053487787,114.048822211,114.051006098,2710
2021-06-15 12:58:00,114.058451166,114.058451166,114.050013422,114.053487787,10818
2021-06-15 12:57:00,114.063414546,114.066888911,114.058451166,114.058451166,3718
2021-06-15 12:56:00,114.063414546,114.068377925,114.063414546,114.068377925,708
2021-06-15 12:55:00,114.058451166,114.058451166,114.058451166,114.058451166,315
2021-06-15 12:54:00,114.064605756,114.068377925,114.063414546,114.068377925,1521
2021-06-15 12:53:00,114.063414546,114.063414546,114.060635053,114.060635053,977
2021-06-15 12:52:00,114.058451166,114.068377925,114.058451166,114.063414546,18889
2021-06-15 12:51:00,114.058451166,114.067881587,114.058451166,114.067881587,1197
2021-06-15 12:50:00,114.063414546,114.066888911,114.058451166,114.058451166,848
2021-06-15 12:49:00,114.063414546,114.063414546,114.058550434,114.05994018,1010
2021-06-15 12:48:00,114.060635053,114.066888911,114.058451166,114.058451166,1829
2021-06-15 12:47:00,114.063414546,114.064903559,114.058451166,114.064903559,1861
2021-06-15 12:46:00,114.066888911,114.066888911,114.063414546,114.063414546,2275
2021-06-15 12:45:00,114.063414546,114.063414546,114.063414546,114.063414546,2495
2021-06-15 12:44:00,114.063414546,114.063414546,114.05994018,114.05994018,4323
2021-06-15 12:43:00,114.064605756,114.068377925,114.058451166,114.058451166,134709
2021-06-15 12:42:00,114.068377925,114.068377925,114.058451166,114.058451166,18350
2021-06-15 12:41:00,114.073341304,114.078205415,114.058451166,114.058451166,25322
2021-06-15 12:40:00,114.078304683,114.078304683,114.068377925,114.068377925,3383
2021-06-15 12:39:00,114.073341304,114.078304683,114.068377925,114.069866938,2072
2021-06-15 12:38:00,114.069866938,114.076716401,114.068377925,114.073341304,8059
2021-06-15 12:37:00,114.068377925,114.073341304,114.068377925,114.068377925,1042
2021-06-15 12:36:00,114.063414546,114.078304683,114.058451166,114.068377925,42641
2021-06-15 12:35:00,114.060635053,114.060635053,114.058451166,114.058451166,1444
2021-06-15 12:34:00,114.068377925,114.068377925,114.058451166,114.058451166,2645
2021-06-15 12:33:00,114.073341304,114.073341304,114.058451166,114.068377925,7901
2021-06-15 12:32:00,114.078304683,114.078304683,114.068377925,114.073341304,2653
2021-06-15 12:31:00,114.078304683,114.086345357,114.078304683,114.078304683,4354
2021-06-15 12:30:00,114.078304683,114.088132173,114.078304683,114.086444624,6134
2021-06-15 12:29:00,114.078304683,114.087338033,114.078304683,114.078304683,5519
2021-06-15 12:28:00,114.078304683,114.084260738,114.078304683,114.07840395,2728
2021-06-15 12:27:00,114.079992232,114.088231441,114.078304683,114.081878316,4736
2021-06-15 12:26:00,114.086246089,114.088231441,114.078304683,114.078304683,1432
2021-06-15 12:25:00,114.080190767,114.088231441,114.080190767,114.083268062,946
2021-06-15 12:24:00,114.083268062,114.086742427,114.083268062,114.086047554,647
2021-06-15 12:23:00,114.087536568,114.087536568,114.078304683,114.083268062,2227
2021-06-15 12:22:00,114.078304683,114.088132173,114.073341304,114.088132173,4671
2021-06-15 12:21:00,114.073341304,114.078304683,114.073341304,114.073341304,1466
2021-06-15 12:20:00,114.073341304,114.073341304,114.068377925,114.073341304,1956
2021-06-15 12:19:00,114.070561811,114.078304683,114.070561811,114.078304683,1639
2021-06-15 12:18:00,114.058550434,114.078304683,114.058451166,114.078304683,34971
2021-06-15 12:17:00,114.067782319,114.068377925,114.059443842,114.059443842,2834
2021-06-15 12:16:00,114.068377925,114.068377925,114.05994018,114.066392573,2955
2021-06-15 12:15:00,114.068377925,114.073341304,114.068278657,114.068377925,11620
2021-06-15 12:14:00,114.083268062,114.088231441,114.068377925,114.068377925,21010
2021-06-15 12:13:00,114.085650484,114.088231441,114.085650484,114.088231441,3767
2021-06-15 12:12:00,114.083268062,114.088231441,114.083268062,114.088231441,322
2021-06-15 12:11:00,114.088132173,114.088231441,114.080190767,114.088231441,4662
2021-06-15 12:10:00,114.096172847,114.096172847,114.087238765,114.088231441,22322
2021-06-15 12:09:00,114.09031606,114.09319482,114.088231441,114.088231441,8290
2021-06-15 12:08:00,114.09319482,114.09319482,114.09319482,114.09319482,819
2021-06-15 12:07:00,114.09319482,114.09319482,114.092400679,114.092400679,505
2021-06-15 12:06:00,114.09319482,114.098158199,114.088231441,114.088231441,1961
2021-06-15 12:05:00,114.098158199,114.10590107,114.090216793,114.09319482,5851
2021-06-15 12:04:00,114.103121578,114.10510693,114.098158199,114.098158199,7353
2021-06-15 12:03:00,114.113048336,114.118011715,114.098158199,114.103121578,60945
2021-06-15 12:02:00,114.115827829,114.115827829,114.108084957,114.108084957,11377
2021-06-15 12:01:00,114.118011715,114.118011715,114.108084957,114.108084957,5513
2021-06-15 12:00:00,114.113048336,114.113048336,114.109871774,114.109871774,21857
2021-06-15 11:59:00,114.108084957,114.118011715,114.108084957,114.113048336,23300
2021-06-15 11:58:00,114.103121578,114.108084957,114.10222817,114.103121578,3095
2021-06-15 11:57:00,114.108084957,114.108084957,114.102128902,114.108084957,559
2021-06-15 11:56:00,114.108084957,114.108084957,114.098257467,114.098257467,3964
2021-06-15 11:55:00,114.103121578,114.105404732,114.103121578,114.105404732,9515
2021-06-15 11:54:00,114.105305465,114.10798569,114.102327437,114.10798569,6252
2021-06-15 11:53:00,114.098158199,114.108084957,114.095080904,114.103121578,6805
2021-06-15 11:52:00,114.103121578,114.104412057,114.089224117,114.094485299,146895
2021-06-15 11:51:00,114.103121578,114.108084957,114.098158199,114.100342086,5282
2021-06-15 11:50:00,114.103121578,114.108084957,114.103121578,114.108084957,9355
2021-06-15 11:49:00,114.108084957,114.108084957,114.108084957,114.108084957,1466
2021-06-15 11:48:00,114.106099606,114.108084957,114.098257467,114.103121578,9738
2021-06-15 11:47:00,114.106099606,114.106099606,114.098257467,114.103121578,22676
2021-06-15 11:46:00,114.09319482,114.103121578,114.088529244,114.103121578,13375
2021-06-15 11:45:00,114.097165523,114.098158199,114.09319482,114.098158199,2101
2021-06-15 11:44:00,114.09319482,114.098158199,114.091209468,114.098158199,6000
2021-06-15 11:43:00,114.090415328,114.097761129,114.090415328,114.097761129,3081
2021-06-15 11:42:00,114.09319482,114.09319482,114.09319482,114.09319482,1074
2021-06-15 11:41:00,114.09319482,114.098158199,114.09319482,114.098158199,440
2021-06-15 11:40:00,114.09319482,114.098158199,114.091507271,114.091507271,2163
2021-06-15 11:39:00,114.09319482,114.09319482,114.088231441,114.09319482,1603
2021-06-15 11:38:00,114.098158199,114.098158199,114.088231441,114.088231441,2653
2021-06-15 11:37:00,114.098158199,114.098158199,114.088231441,114.088231441,3463
2021-06-15 11:36:00,114.096569918,114.098158199,114.09279775,114.09279775,6458
2021-06-15 11:35:00,114.088231441,114.098158199,114.088231441,114.094187496,1887
2021-06-15 11:34:00,114.078304683,114.09319482,114.078304683,114.09319482,4077
2021-06-15 11:33:00,114.088231441,114.088231441,114.078304683,114.078304683,4705
2021-06-15 11:31:00,114.079098823,114.088231441,114.078304683,114.079793696,1945
2021-06-15 11:29:00,114.083268062,114.088231441,114.080786372,114.088132173,4460
2021-06-15 11:28:00,114.080091499,114.083268062,114.080091499,114.083268062,1461
2021-06-15 11:27:00,114.079793696,114.088231441,114.079793696,114.083268062,2315
2021-06-15 11:26:00,114.083268062,114.088231441,114.083268062,114.083268062,2529
2021-06-15 11:25:00,114.083268062,114.086444624,114.078304683,114.078304683,1319
2021-06-15 11:24:00,114.088231441,114.088231441,114.088231441,114.088231441,8418
2021-06-15 11:23:00,114.09319482,114.098058931,114.088330708,114.088628511,3221
2021-06-15 11:22:00,114.096569918,114.098158199,114.088330708,114.09319482,3777
2021-06-15 11:21:00,114.098158199,114.098158199,114.094088228,114.097364058,3006
2021-06-15 11:20:00,114.09319482,114.098158199,114.088231441,114.098158199,1550
2021-06-15 11:19:00,114.097661861,114.097661861,114.088429976,114.091308736,4156
2021-06-15 11:18:00,114.098158199,114.098158199,114.088231441,114.088231441,2873
2021-06-15 11:17:00,114.098158199,114.098158199,114.09319482,114.09319482,1443
2021-06-15 11:16:00,114.098158199,114.098158199,114.090216793,114.090415328,5497
2021-06-15 11:15:00,114.09319482,114.09319482,114.088231441,114.09319482,2867
2021-06-15 11:14:00,114.103121578,114.103121578,114.098158199,114.098158199,9113
2021-06-15 11:13:00,114.10798569,114.10798569,114.107588619,114.107588619,1030
2021-06-15 11:12:00,114.103121578,114.108084957,114.098158199,114.098158199,1316
2021-06-15 11:11:00,114.103121578,114.103121578,114.103121578,114.103121578,550
2021-06-15 11:10:00,114.103121578,114.108084957,114.098158199,114.108084957,5627
2021-06-15 11:09:00,114.10590107,114.108084957,114.103121578,114.103121578,3749
2021-06-15 11:07:00,114.103121578,114.108084957,114.098158199,114.103121578,15976
2021-06-15 11:06:00,114.103121578,114.11701904,114.103121578,114.103121578,22317
2021-06-15 11:05:00,114.103121578,114.103121578,114.103121578,114.103121578,239
2021-06-15 11:04:00,114.103121578,114.106000338,114.103121578,114.106000338,723
2021-06-15 11:03:00,114.103121578,114.103121578,114.098257467,114.098257467,790
2021-06-15 11:02:00,114.092003609,114.098158199,114.092003609,114.098158199,7279
2021-06-15 11:01:00,114.089819722,114.095974312,114.089819722,114.09319482,4711
2021-06-15 11:00:00,114.088231441,114.097959664,114.088231441,114.097959664,856
2021-06-15 10:59:00,114.09319482,114.09319482,114.09319482,114.09319482,809
2021-06-15 10:58:00,114.094683834,114.096172847,114.088231441,114.094187496,3786
2021-06-15 10:57:00,114.090018257,114.098158199,114.088231441,114.09319482,13215
2021-06-15 10:56:00,114.09319482,114.098058931,114.09319482,114.09319482,5022
2021-06-15 10:55:00,114.09319482,114.098158199,114.088231441,114.09319482,4349
2021-06-15 10:54:00,114.09319482,114.097761129,114.088231441,114.094683834,3426
2021-06-15 10:52:00,114.09319482,114.09319482,114.09319482,114.09319482,540
2021-06-15 10:51:00,114.09319482,114.09319482,114.088231441,114.09319482,1329
2021-06-15 10:50:00,114.098158199,114.103717184,114.09319482,114.09319482,3625
2021-06-15 10:49:00,114.098158199,114.108084957,114.09319482,114.098158199,7125
2021-06-15 10:48:00,114.097463326,114.098158199,114.09319482,114.097860396,8342
2021-06-15 10:47:00,114.088231441,114.09319482,114.088231441,114.09319482,1661
2021-06-15 10:46:00,114.088231441,114.088231441,114.088231441,114.088231441,770
2021-06-15 10:45:00,114.078304683,114.078304683,114.0693706,114.078304683,7224
2021-06-15 10:44:00,114.088231441,114.088231441,114.083268062,114.088231441,753
2021-06-15 10:43:00,114.088231441,114.09279775,114.088231441,114.088231441,1690
2021-06-15 10:41:00,114.07840395,114.088231441,114.07840395,114.088231441,1714
2021-06-15 10:40:00,114.078304683,114.085054878,114.078304683,114.083268062,1918
2021-06-15 10:39:00,114.081679781,114.088231441,114.081679781,114.087238765,2606
2021-06-15 10:38:00,114.095974312,114.095974312,114.080190767,114.080190767,977
2021-06-15 10:37:00,114.100342086,114.100342086,114.09319482,114.096669185,4120
2021-06-15 10:36:00,114.108084957,114.108084957,114.100342086,114.108084957,842
2021-06-15 10:35:00,114.098158199,114.098158199,114.09319482,114.098158199,1757
2021-06-15 10:34:00,114.10798569,114.10798569,114.098158199,114.098158199,10921
2021-06-15 10:33:00,114.09895234,114.107092281,114.098158199,114.098158199,1110
2021-06-15 10:32:00,114.088231441,114.098158199,114.088231441,114.098158199,1677
2021-06-15 10:31:00,114.078304683,114.088231441,114.078304683,114.088231441,30635
2021-06-15 10:30:00,114.098058931,114.098058931,114.088231441,114.088231441,10319
2021-06-15 10:29:00,114.088231441,114.095378707,114.088231441,114.088231441,2479
2021-06-15 10:28:00,114.088132173,114.088132173,114.088132173,114.088132173,6695
2021-06-15 10:27:00,114.078304683,114.088231441,114.078304683,114.088231441,38050
2021-06-15 10:26:00,114.088231441,114.088231441,114.078304683,114.078304683,2209
2021-06-15 10:25:00,114.098158199,114.098158199,114.088132173,114.088231441,8876
2021-06-15 10:24:00,114.098158199,114.098158199,114.088231441,114.088231441,27303
2021-06-15 10:23:00,114.108084957,114.108084957,114.103121578,114.108084957,8502
2021-06-15 10:22:00,114.098158199,114.108084957,114.09319482,114.103121578,49474
2021-06-15 10:21:00,114.088231441,114.088231441,114.088231441,114.088231441,639
2021-06-15 10:20:00,114.083268062,114.088231441,114.083268062,114.088231441,39261
2021-06-15 10:19:00,114.083268062,114.083268062,114.083268062,114.083268062,484
2021-06-15 10:18:00,114.088231441,114.088231441,114.083268062,114.083268062,2379
2021-06-15 10:17:00,114.086940962,114.086940962,114.079793696,114.079793696,1070
2021-06-15 10:16:00,114.083268062,114.087238765,114.083268062,114.087238765,2540
2021-06-15 10:15:00,114.088231441,114.088231441,114.083268062,114.088231441,1342
2021-06-15 10:14:00,114.086742427,114.088231441,114.078304683,114.082771724,1688
2021-06-15 10:13:00,114.083268062,114.088231441,114.078304683,114.088231441,13924
2021-06-15 10:12:00,114.078304683,114.086146822,114.078304683,114.079694429,16254
2021-06-15 10:11:00,114.083268062,114.088231441,114.078304683,114.078304683,27788
2021-06-15 10:10:00,114.098158199,114.098158199,114.07840395,114.088231441,10107
2021-06-15 10:09:00,114.113048336,114.113048336,114.103121578,114.103121578,7620
2021-06-15 10:08:00,114.118011715,114.118011715,114.109077633,114.113048336,18305
2021-06-15 10:06:00,114.110268844,114.118011715,114.110268844,114.113048336,2027
2021-06-15 10:05:00,114.116522702,114.118011715,114.108184225,114.108184225,4415
2021-06-15 10:04:00,114.108084957,114.116621969,114.108084957,114.116621969,4864
2021-06-15 10:03:00,114.108084957,114.110268844,114.108084957,114.110169576,1446
2021-06-15 10:02:00,114.108084957,114.115827829,114.108084957,114.115827829,3913
2021-06-15 10:01:00,114.108879098,114.117912448,114.108084957,114.108084957,9330
2021-06-15 10:00:00,114.118011715,114.118011715,114.108084957,114.111062985,8061
2021-06-15 09:59:00,114.108084957,114.113048336,114.108084957,114.108084957,4752
2021-06-15 09:58:00,114.138659372,114.141041794,114.108084957,114.108084957,10934
2021-06-15 09:57:00,114.14779199,114.14779199,114.137865232,114.137865232,3127
2021-06-15 09:56:00,114.129427487,114.142828611,114.127938474,114.13836157,14801
2021-06-15 09:55:00,114.132901853,114.137865232,114.127938474,114.127938474,28763
2021-06-15 09:54:00,114.127938474,114.129427487,114.127938474,114.127938474,3101
2021-06-15 09:53:00,114.122875827,114.127938474,114.122875827,114.122975094,1685
2021-06-15 09:52:00,114.113048336,114.127938474,114.113048336,114.127938474,65301
2021-06-15 09:51:00,114.118011715,114.118011715,114.118011715,114.118011715,2180
2021-06-15 09:50:00,114.103121578,114.108084957,114.098158199,114.108084957,4947
2021-06-15 09:49:00,114.098158199,114.106893746,114.098158199,114.098158199,5947
2021-06-15 09:48:00,114.088231441,114.098158199,114.07840395,114.098158199,8291
2021-06-15 09:47:00,114.088231441,114.088231441,114.083268062,114.088231441,8919
2021-06-15 09:46:00,114.078304683,114.09319482,114.078304683,114.091507271,20932
2021-06-15 09:45:00,114.068377925,114.083268062,114.068377925,114.083268062,21753
2021-06-15 09:44:00,114.068377925,114.077312007,114.063414546,114.077312007,10534
2021-06-15 09:43:00,114.068377925,114.073341304,114.063414546,114.063414546,45908
2021-06-15 09:42:00,114.068377925,114.068377925,114.063414546,114.063414546,2688
2021-06-15 09:41:00,114.058451166,114.068377925,114.058451166,114.067583784,12284
2021-06-15 09:40:00,114.063414546,114.067385249,114.053487787,114.058451166,23338
2021-06-15 09:39:00,114.053487787,114.058451166,114.053487787,114.058451166,14239
2021-06-15 09:38:00,114.048524408,114.058451166,114.048524408,114.053487787,25154
2021-06-15 09:37:00,114.048524408,114.058451166,114.048524408,114.053487787,83354
2021-06-15 09:36:00,114.048524408,114.048524408,114.043561029,114.043561029,2526
2021-06-15 09:35:00,114.03859765,114.048524408,114.03859765,114.043561029,115948
2021-06-15 09:34:00,114.043561029,114.048524408,114.03859765,114.03859765,26472
2021-06-15 09:33:00,114.048524408,114.048524408,114.043561029,114.048524408,30460
2021-06-15 09:32:00,114.053487787,114.068377925,114.052991449,114.058451166,2704
2021-06-15 09:31:00,114.058451166,114.086742427,114.028670892,114.058451166,109238
2021-06-14 16:00:00,114.132901853,114.137865232,114.127938474,114.127938474,100736
2021-06-14 15:59:00,114.132901853,114.137865232,114.127938474,114.137865232,4186
2021-06-14 15:58:00,114.136376218,114.137865232,114.131313571,114.131313571,13934
2021-06-14 15:57:00,114.132901853,114.132901853,114.127938474,114.127938474,1632
2021-06-14 15:56:00,114.132901853,114.137865232,114.127938474,114.132901853,6170
2021-06-14 15:55:00,114.137865232,114.137865232,114.132901853,114.132901853,5894
2021-06-14 15:54:00,114.12684653,114.137865232,114.119202926,114.132901853,19881
2021-06-14 15:53:00,114.120096335,114.127938474,114.120096335,114.127938474,8027
2021-06-14 15:52:00,114.122975094,114.127938474,114.118011715,114.127938474,6050
2021-06-14 15:51:00,114.118011715,114.126747263,114.118011715,114.122975094,4792
2021-06-14 15:50:00,114.127938474,114.127938474,114.118011715,114.122975094,4527
2021-06-14 15:49:00,114.109971041,114.127938474,114.108084957,114.127938474,15947
2021-06-14 15:48:00,114.113048336,114.118011715,114.110665914,114.113048336,4352
2021-06-14 15:47:00,114.113048336,114.118011715,114.108084957,114.113048336,6964
2021-06-14 15:46:00,114.113048336,114.113842477,114.113048336,114.113048336,2634
2021-06-14 15:45:00,114.114239547,114.118011715,114.113048336,114.118011715,1922
2021-06-14 15:44:00,114.113048336,114.118011715,114.113048336,114.118011715,1466
2021-06-14 15:43:00,114.118011715,114.118011715,114.109573971,114.111062985,5695
2021-06-14 15:42:00,114.11701904,114.118011715,114.109573971,114.109573971,4000
2021-06-14 15:41:00,114.113048336,114.11701904,114.108978365,114.113048336,1549
2021-06-14 15:40:00,114.108084957,114.118011715,114.108084957,114.113048336,3704
2021-06-14 15:39:00,114.110963717,114.113048336,114.108084957,114.108084957,5335
2021-06-14 15:38:00,114.117217575,114.117515377,114.108581295,114.117515377,2706
2021-06-14 15:37:00,114.113048336,114.116423434,114.113048336,114.114239547,4782
2021-06-14 15:36:00,114.110268844,114.110268844,114.108084957,114.108084957,1366
2021-06-14 15:35:00,114.114239547,114.118011715,114.110169576,114.113048336,3498
2021-06-14 15:34:00,114.113048336,114.118011715,114.11165859,114.113048336,2675
2021-06-14 15:33:00,114.118011715,114.118011715,114.108084957,114.113048336,5156
2021-06-14 15:32:00,114.113048336,114.118011715,114.108581295,114.118011715,1110
2021-06-14 15:31:00,114.113048336,114.118011715,114.111857125,114.113048336,4726
2021-06-14 15:30:00,114.126945798,114.126945798,114.118011715,114.118011715,2563
2021-06-14 15:29:00,114.122975094,114.126151657,114.122975094,114.123372165,2019
2021-06-14 15:28:00,114.122975094,114.127938474,114.118011715,114.120195602,1908
2021-06-14 15:27:00,114.122975094,114.127144333,114.118011715,114.118011715,4230
2021-06-14 15:26:00,114.118011715,114.127938474,114.118011715,114.122975094,10061
2021-06-14 15:25:00,114.119897799,114.125754587,114.118011715,114.122975094,2585
2021-06-14 15:24:00,114.126945798,114.127938474,114.119699264,114.127938474,6172
2021-06-14 15:23:00,114.122975094,114.127938474,114.118011715,114.124960446,1857
2021-06-14 15:22:00,114.122975094,114.127938474,114.118110983,114.127938474,2773
2021-06-14 15:21:00,114.118011715,114.125754587,114.118011715,114.124265573,1654
2021-06-14 15:20:00,114.11205566,114.126151657,114.10877983,114.126151657,50608
2021-06-14 15:19:00,114.113048336,114.118011715,114.108084957,114.108084957,3116
2021-06-14 15:18:00,114.115827829,114.117912448,114.109871774,114.113048336,2405
2021-06-14 15:17:00,114.113048336,114.116820504,114.108084957,114.116820504,1862
2021-06-14 15:16:00,114.113048336,114.118011715,114.108084957,114.109573971,19980
2021-06-14 15:15:00,114.113048336,114.118011715,114.110268844,114.116522702,2472
2021-06-14 15:14:00,114.109573971,114.118011715,114.109573971,114.113048336,9171
2021-06-14 15:13:00,114.117912448,114.118011715,114.113048336,114.113048336,6114
2021-06-14 15:12:00,114.115827829,114.115827829,114.112452731,114.112452731,982
2021-06-14 15:11:00,114.113048336,114.118011715,114.108184225,114.118011715,27554
2021-06-14 15:10:00,114.113048336,114.11701904,114.113048336,114.11701904,8510
2021-06-14 15:09:00,114.113048336,114.115033688,114.113048336,114.115033688,45482
2021-06-14 15:08:00,114.118011715,114.118011715,114.108184225,114.113048336,9453
2021-06-14 15:07:00,114.113048336,114.11701904,114.110467379,114.114338815,7280
2021-06-14 15:06:00,114.113048336,114.113048336,114.111062985,114.111757858,3531
2021-06-14 15:05:00,114.11701904,114.11701904,114.11701904,114.11701904,1612
2021-06-14 15:04:00,114.122975094,114.127938474,114.113048336,114.113048336,11406
2021-06-14 15:03:00,114.122975094,114.126250925,114.122081686,114.123669967,1224
2021-06-14 15:02:00,114.12644946,114.127938474,114.118011715,114.118011715,1567
2021-06-14 15:01:00,114.120195602,114.122975094,114.120195602,114.122975094,570
2021-06-14 15:00:00,114.127938474,114.127938474,114.12644946,114.12644946,707
2021-06-14 14:59:00,114.118309518,114.124364841,114.118309518,114.124364841,1698
2021-06-14 14:58:00,114.122975094,114.122975094,114.122975094,114.122975094,384
2021-06-14 14:57:00,114.118011715,114.127938474,114.118011715,114.127938474,1506
2021-06-14 14:56:00,114.122975094,114.127938474,114.122975094,114.12644946,2093
2021-06-14 14:55:00,114.108084957,114.122975094,114.108084957,114.122975094,41224
2021-06-14 14:54:00,114.113048336,114.116522702,114.108084957,114.108084957,2628
2021-06-14 14:53:00,114.108084957,114.118011715,114.108084957,114.11701904,3621
2021-06-14 14:52:00,114.113048336,114.116522702,114.108084957,114.108084957,3357
2021-06-14 14:51:00,114.115827829,114.116324166,114.108184225,114.110268844,3834
2021-06-14 14:50:00,114.108084957,114.116423434,114.108084957,114.113048336,2985
2021-06-14 14:49:00,114.11165859,114.117912448,114.108482028,114.117912448,4344
2021-06-14 14:48:00,114.116522702,114.11741611,114.113048336,114.113346139,3753
2021-06-14 14:47:00,114.113048336,114.11701904,114.108084957,114.108084957,4721
2021-06-14 14:46:00,114.125754587,114.125754587,114.113048336,114.118011715,9064
2021-06-14 14:45:00,114.122975094,114.127839206,114.122975094,114.124960446,1812
2021-06-14 14:44:00,114.122975094,114.127938474,114.122975094,114.122975094,18426
2021-06-14 14:43:00,114.125754587,114.127938474,114.118011715,114.122975094,32428
2021-06-14 14:42:00,114.122975094,114.122975094,114.118011715,114.122975094,2519
2021-06-14 14:41:00,114.118011715,114.127938474,114.118011715,114.12644946,1270
2021-06-14 14:40:00,114.127938474,114.127938474,114.118508053,114.122975094,2148
2021-06-14 14:39:00,114.125059714,114.127938474,114.119599997,114.122975094,1853
2021-06-14 14:38:00,114.127938474,114.127938474,114.118011715,114.126945798,4940
2021-06-14 14:37:00,114.122975094,114.122975094,114.118011715,114.118011715,3191
2021-06-14 14:36:00,114.127938474,114.127938474,114.118011715,114.122975094,3087
2021-06-14 14:35:00,114.127938474,114.127938474,114.120195602,114.127938474,6085
2021-06-14 14:34:00,114.113048336,114.122975094,114.113048336,114.122975094,9157
2021-06-14 14:33:00,114.118011715,114.118011715,114.111757858,114.113048336,12744
2021-06-14 14:32:00,114.108084957,114.113048336,114.108084957,114.113048336,10481
2021-06-14 14:31:00,114.103121578,114.108084957,114.103121578,114.103121578,19147
2021-06-14 14:30:00,114.103121578,114.103121578,114.098158199,114.103121578,3958
2021-06-14 14:29:00,114.108084957,114.108084957,114.098158199,114.098158199,3368
2021-06-14 14:28:00,114.098158199,114.108084957,114.098158199,114.098158199,2741
2021-06-14 14:27:00,114.103121578,114.107092281,114.103121578,114.103121578,771
2021-06-14 14:26:00,114.103121578,114.107489352,114.098158199,114.106000338,2094
2021-06-14 14:25:00,114.10590107,114.107191549,114.098158199,114.103121578,6294
2021-06-14 14:24:00,114.105007662,114.108084957,114.098158199,114.108084957,3511
2021-06-14 14:23:00,114.098158199,114.098158199,114.098158199,114.098158199,220
2021-06-14 14:22:00,114.108084957,114.108084957,114.098158199,114.099150875,2792
2021-06-14 14:21:00,114.098158199,114.098257467,114.098158199,114.098158199,634
2021-06-14 14:20:00,114.103121578,114.103121578,114.098158199,114.103121578,3265
2021-06-14 14:19:00,114.103121578,114.108084957,114.098158199,114.098158199,5705
2021-06-14 14:18:00,114.106099606,114.107092281,114.098158199,114.106099606,3709
2021-06-14 14:17:00,114.103121578,114.107092281,114.103121578,114.106099606,1835
2021-06-14 14:16:00,114.100342086,114.108084957,114.100342086,114.107290817,1757
2021-06-14 14:15:00,114.103121578,114.107390084,114.098158199,114.099150875,14066
2021-06-14 14:14:00,114.098158199,114.108084957,114.098158199,114.103121578,8434
2021-06-14 14:13:00,114.098158199,114.106496676,114.098158199,114.103121578,4130
2021-06-14 14:12:00,114.103121578,114.103121578,114.09319482,114.09319482,26656
2021-06-14 14:11:00,114.099150875,114.107588619,114.098158199,114.103121578,75067
2021-06-14 14:10:00,114.103121578,114.103121578,114.101930367,114.103121578,5484
2021-06-14 14:09:00,114.103121578,114.106595943,114.099845748,114.106595943,3917
2021-06-14 14:08:00,114.103121578,114.107092281,114.102128902,114.107092281,2096
2021-06-14 14:07:00,114.112750534,114.11701904,114.103121578,114.103121578,9829
2021-06-14 14:06:00,114.117912448,114.117912448,114.108184225,114.112750534,15294
2021-06-14 14:05:00,114.113048336,114.113048336,114.113048336,114.113048336,2912
2021-06-14 14:04:00,114.113048336,114.118011715,114.113048336,114.113048336,2163
2021-06-14 14:03:00,114.118011715,114.118011715,114.108084957,114.113048336,3109
2021-06-14 14:02:00,114.113048336,114.118011715,114.108084957,114.118011715,1716
2021-06-14 14:01:00,114.108084957,114.113048336,114.108084957,114.113048336,21569
2021-06-14 14:00:00,114.115827829,114.116621969,114.108084957,114.113048336,20872
2021-06-14 13:59:00,114.117912448,114.117912448,114.109077633,114.109077633,872
2021-06-14 13:58:00,114.118011715,114.118011715,114.110268844,114.115927096,1031
2021-06-14 13:57:00,114.116423434,114.118011715,114.108084957,114.109077633,2194
2021-06-14 13:56:00,114.113743209,114.11741611,114.113048336,114.11741611,1704
2021-06-14 13:55:00,114.108084957,114.113346139,114.108084957,114.113048336,5231
2021-06-14 13:54:00,114.100342086,114.108084957,114.098158199,114.108084957,6037
2021-06-14 13:53:00,114.107092281,114.108084957,114.107092281,114.108084957,948
2021-06-14 13:52:00,114.103121578,114.103121578,114.102923043,114.102923043,721
2021-06-14 13:51:00,114.108084957,114.108084957,114.098158199,114.098158199,2639
2021-06-14 13:50:00,114.10590107,114.108084957,114.103121578,114.108084957,466
2021-06-14 13:49:00,114.106595943,114.106595943,114.103121578,114.103320113,2796
2021-06-14 13:48:00,114.10590107,114.108084957,114.098158199,114.098158199,859
2021-06-14 13:47:00,114.098555269,114.103121578,114.098555269,114.103121578,4014
2021-06-14 13:46:00,114.108084957,114.108084957,114.098158199,114.102426705,2788
2021-06-14 13:45:00,114.103121578,114.108084957,114.098158199,114.100342086,3311
2021-06-14 13:44:00,114.115927096,114.115927096,114.098158199,114.098158199,4518
2021-06-14 13:43:00,114.108084957,114.113048336,114.108084957,114.113048336,595
2021-06-14 13:42:00,114.110765182,114.118011715,114.110765182,114.113048336,1179
2021-06-14 13:41:00,114.115927096,114.115927096,114.111360787,114.111360787,504
2021-06-14 13:40:00,114.113048336,114.117118307,114.108084957,114.110169576,963
2021-06-14 13:39:00,114.11493442,114.117118307,114.108879098,114.117118307,1344
2021-06-14 13:38:00,114.113048336,114.11701904,114.108084957,114.11701904,2694
2021-06-14 13:37:00,114.118011715,114.119699264,114.108084957,114.108084957,2188
2021-06-14 13:36:00,114.123769235,114.123769235,114.118011715,114.118011715,1942
2021-06-14 13:35:00,114.122975094,114.127938474,114.121982419,114.122975094,2771
2021-06-14 13:34:00,114.118011715,114.118011715,114.118011715,114.118011715,475
2021-06-14 13:33:00,114.124067038,114.124067038,114.124067038,114.124067038,580
2021-06-14 13:32:00,114.118011715,114.118011715,114.118011715,114.118011715,214
2021-06-14 13:31:00,114.120195602,114.127938474,114.120195602,114.127938474,546
2021-06-14 13:30:00,114.122975094,114.126945798,114.122975094,114.126945798,417
2021-06-14 13:29:00,114.118011715,114.127938474,114.118011715,114.119997067,2083
2021-06-14 13:27:00,114.127839206,114.127839206,114.127045065,114.127045065,1045
2021-06-14 13:26:00,114.122975094,114.122975094,114.118011715,114.118011715,20944
2021-06-14 13:25:00,114.12644946,114.12644946,114.119798532,114.122975094,2557
2021-06-14 13:24:00,114.118011715,114.127938474,114.118011715,114.124166305,3256
2021-06-14 13:23:00,114.113048336,114.113048336,114.110268844,114.110268844,735
2021-06-14 13:22:00,114.113048336,114.113544674,114.110268844,114.113544674,1238
2021-06-14 13:21:00,114.116224899,114.118011715,114.113048336,114.118011715,892
2021-06-14 13:20:00,114.110268844,114.114041012,114.108084957,114.108084957,1118
2021-06-14 13:19:00,114.113048336,114.113048336,114.113048336,114.113048336,1505
2021-06-14 13:18:00,114.098158199,114.113048336,114.098158199,114.113048336,8071
2021-06-14 13:17:00,114.113048336,114.116324166,114.108084957,114.108084957,3968
2021-06-14 13:16:00,114.113048336,114.113048336,114.113048336,114.113048336,448
2021-06-14 13:15:00,114.114438082,114.117912448,114.108084957,114.11781318,1441
2021-06-14 13:14:00,114.113048336,114.113048336,114.109573971,114.109573971,8575
2021-06-14 13:13:00,114.118011715,114.118011715,114.118011715,114.118011715,3967
2021-06-14 13:12:00,114.108084957,114.113048336,114.108084957,114.113048336,2941
2021-06-14 13:11:00,114.117912448,114.118011715,114.111062985,114.113048336,3289
2021-06-14 13:10:00,114.112849801,114.113048336,114.110268844,114.110268844,2447
2021-06-14 13:09:00,114.118011715,114.118011715,114.108084957,114.117515377,2265
2021-06-14 13:08:00,114.118011715,114.127938474,114.118011715,114.122975094,1581
2021-06-14 13:07:00,114.127938474,114.127938474,114.120096335,114.120096335,469
2021-06-14 13:06:00,114.121684616,114.125853854,114.118011715,114.122975094,2156
2021-06-14 13:05:00,114.125357516,114.125357516,114.122975094,114.122975094,651
2021-06-14 13:04:00,114.108084957,114.122975094,114.108084957,114.122975094,10420
2021-06-14 13:03:00,114.118011715,114.118011715,114.108184225,114.113048336,8923
2021-06-14 13:02:00,114.113048336,114.113048336,114.113048336,114.113048336,1550
2021-06-14 13:01:00,114.108978365,114.116522702,114.108084957,114.113048336,1729
2021-06-14 13:00:00,114.113048336,114.118011715,114.111162252,114.11165859,15056
2021-06-14 12:59:00,114.111062985,114.114735885,114.110169576,114.113048336,6031
2021-06-14 12:58:00,114.127938474,114.137865232,114.113048336,114.113048336,3851
2021-06-14 12:57:00,114.127938474,114.132901853,114.127938474,114.127938474,1801
2021-06-14 12:56:00,114.129427487,114.136177683,114.127938474,114.127938474,2903
2021-06-14 12:55:00,114.132901853,114.137865232,114.127938474,114.13548281,1202
2021-06-14 12:54:00,114.127938474,114.135681345,114.127938474,114.127938474,2401
2021-06-14 12:53:00,114.127938474,114.137865232,114.127938474,114.13012236,4876
2021-06-14 12:52:00,114.127938474,114.136376218,114.127938474,114.136376218,2263
2021-06-14 12:51:00,114.136376218,114.137865232,114.128633347,114.129626022,4188
2021-06-14 12:50:00,114.127938474,114.136872556,114.127938474,114.132901853,6681
2021-06-14 12:49:00,114.132901853,114.137765964,114.129923825,114.130916501,1659
2021-06-14 12:48:00,114.129427487,114.129427487,114.129427487,114.129427487,250
2021-06-14 12:47:00,114.127938474,114.132901853,114.127938474,114.132901853,709
2021-06-14 12:46:00,114.132901853,114.137865232,114.132901853,114.133795261,4115
2021-06-14 12:45:00,114.125059714,114.132901853,114.120195602,114.132901853,4428
2021-06-14 12:44:00,114.122478757,114.126945798,114.118011715,114.118110983,2280
2021-06-14 12:43:00,114.127938474,114.127938474,114.118110983,114.122975094,22950
2021-06-14 12:42:00,114.135681345,114.137865232,114.128534079,114.132901853,1406
2021-06-14 12:41:00,114.127938474,114.127938474,114.127938474,114.127938474,468
2021-06-14 12:40:00,114.134589401,114.134589401,114.134589401,114.134589401,2537
2021-06-14 12:39:00,114.137567429,114.137567429,114.127938474,114.127938474,11404
2021-06-14 12:38:00,114.135681345,114.136872556,114.127938474,114.127938474,1075
2021-06-14 12:37:00,114.12932822,114.132901853,114.12932822,114.132901853,42466
2021-06-14 12:36:00,114.127938474,114.137865232,114.127938474,114.137865232,1290
2021-06-14 12:35:00,114.137865232,114.137865232,114.136872556,114.136872556,4466
2021-06-14 12:34:00,114.137865232,114.137865232,114.132901853,114.132901853,1337
2021-06-14 12:33:00,114.138163034,114.138163034,114.132901853,114.132901853,2713
2021-06-14 12:32:00,114.147692722,114.14779199,114.137865232,114.143722019,9106
2021-06-14 12:31:00,114.142828611,114.147394919,114.137865232,114.137865232,1448
2021-06-14 12:30:00,114.14779199,114.14779199,114.137865232,114.14779199,2840
2021-06-14 12:29:00,114.142828611,114.142828611,114.142828611,114.142828611,567
2021-06-14 12:28:00,114.137865232,114.142828611,114.136971823,114.142828611,13054
2021-06-14 12:27:00,114.137765964,114.137765964,114.132901853,114.132901853,759
2021-06-14 12:26:00,114.132901853,114.137170359,114.132901853,114.132901853,40734
2021-06-14 12:25:00,114.132901853,114.136078415,114.127938474,114.136078415,19897
2021-06-14 12:24:00,114.127938474,114.134490134,114.127938474,114.127938474,8598
2021-06-14 12:23:00,114.127938474,114.132901853,114.127938474,114.132901853,810
2021-06-14 12:22:00,114.127938474,114.129427487,114.127938474,114.129427487,2437
2021-06-14 12:21:00,114.119897799,114.127938474,114.119897799,114.127938474,1349
2021-06-14 12:20:00,114.130023093,114.132901853,114.127938474,114.127938474,1413
2021-06-14 12:19:00,114.127938474,114.127938474,114.127938474,114.127938474,407
2021-06-14 12:18:00,114.137865232,114.137865232,114.132901853,114.132901853,1838
2021-06-14 12:17:00,114.127938474,114.127938474,114.127938474,114.127938474,637
2021-06-14 12:16:00,114.132901853,114.135681345,114.127938474,114.127938474,5054
2021-06-14 12:15:00,114.137865232,114.137865232,114.128931149,114.137865232,2997
2021-06-14 12:14:00,114.137865232,114.137865232,114.129228952,114.132901853,1452
2021-06-14 12:13:00,114.146799314,114.146799314,114.137865232,114.146799314,16101
2021-06-14 12:12:00,114.138560105,114.146104441,114.138560105,114.145608103,1104
2021-06-14 12:11:00,114.140049118,114.14779199,114.137865232,114.14779199,6850
2021-06-14 12:10:00,114.152755369,114.152755369,114.137865232,114.142828611,6715
2021-06-14 12:09:00,114.151762693,114.155534861,114.148784666,114.155534861,2226
2021-06-14 12:08:00,114.14779199,114.157718748,114.14779199,114.14779199,18443
2021-06-14 12:07:00,114.14779199,114.152755369,114.14779199,114.14779199,112449
2021-06-14 12:06:00,114.157718748,114.157718748,114.154740721,114.154740721,997
2021-06-14 12:05:00,114.152755369,114.152755369,114.14779199,114.149975877,3132
2021-06-14 12:04:00,114.14779199,114.157718748,114.14779199,114.152755369,6471
2021-06-14 12:02:00,114.15761948,114.157718748,114.14779199,114.155534861,5695
2021-06-14 12:01:00,114.162682127,114.162682127,114.152755369,114.157718748,13049
2021-06-14 12:00:00,114.162682127,114.162682127,114.162682127,114.162682127,281
2021-06-14 11:59:00,114.162682127,114.16665283,114.157718748,114.166156492,4343
2021-06-14 11:58:00,114.162682127,114.162682127,114.162682127,114.162682127,663
2021-06-14 11:57:00,114.177572264,114.177572264,114.167645506,114.167645506,1862
2021-06-14 11:56:00,114.167645506,114.167645506,114.167645506,114.167645506,397
2021-06-14 11:55:00,114.169630858,114.177572264,114.169630858,114.177572264,2016
2021-06-14 11:54:00,114.16913452,114.177572264,114.16913452,114.177572264,2912
2021-06-14 11:53:00,114.172608885,114.172608885,114.167645506,114.167645506,685
2021-06-14 11:51:00,114.167645506,114.177472997,114.167645506,114.177472997,1049
2021-06-14 11:50:00,114.167645506,114.177075926,114.167645506,114.172608885,16483
2021-06-14 11:49:00,114.158711424,114.167645506,114.157718748,114.162682127,4447
2021-06-14 11:48:00,114.157718748,114.167645506,114.157718748,114.162682127,6949
2021-06-14 11:47:00,114.166057225,114.167645506,114.158711424,114.158711424,1689
2021-06-14 11:46:00,114.162682127,114.162682127,114.159207762,114.159207762,629
2021-06-14 11:45:00,114.162682127,114.167645506,114.157718748,114.157718748,3585
2021-06-14 11:44:00,114.159902635,114.159902635,114.159902635,114.159902635,428
2021-06-14 11:43:00,114.162682127,114.167645506,114.157718748,114.157718748,8313
2021-06-14 11:42:00,114.157718748,114.162682127,114.157718748,114.162682127,989
2021-06-14 11:41:00,114.157718748,114.16665283,114.157718748,114.162682127,3028
2021-06-14 11:40:00,114.157718748,114.167645506,114.157718748,114.162682127,3713
2021-06-14 11:39:00,114.162682127,114.166156492,114.157718748,114.157718748,2863
2021-06-14 11:38:00,114.162682127,114.166752098,114.159307029,114.159902635,4240
2021-06-14 11:37:00,114.157718748,114.162781395,114.157718748,114.157718748,2719
2021-06-14 11:36:00,114.162682127,114.162682127,114.157718748,114.157718748,2447
2021-06-14 11:35:00,114.162682127,114.166156492,114.160200437,114.162682127,2130
2021-06-14 11:34:00,114.167645506,114.167645506,114.157718748,114.157718748,2259
2021-06-14 11:33:00,114.172608885,114.177572264,114.162682127,114.162682127,29835
2021-06-14 11:32:00,114.17896201,114.182535643,114.172608885,114.172608885,7355
2021-06-14 11:31:00,114.187499022,114.187499022,114.177572264,114.182535643,5346
2021-06-14 11:30:00,114.192462401,114.195241894,114.188293163,114.195241894,2249
2021-06-14 11:29:00,114.182535643,114.192462401,114.182535643,114.192462401,3947
2021-06-14 11:28:00,114.172608885,114.182535643,114.172211815,114.182535643,6383
2021-06-14 11:27:00,114.177572264,114.177572264,114.177572264,114.177572264,520
2021-06-14 11:26:00,114.175388377,114.177572264,114.175388377,114.177572264,3238
2021-06-14 11:25:00,114.167645506,114.175785448,114.167645506,114.172608885,7300
2021-06-14 11:24:00,114.176083251,114.176083251,114.167645506,114.167645506,31935
2021-06-14 11:23:00,114.176083251,114.176083251,114.167645506,114.172608885,2575
2021-06-14 11:22:00,114.177472997,114.177472997,114.172608885,114.176083251,3940
2021-06-14 11:21:00,114.176976659,114.177572264,114.176976659,114.177572264,1036
2021-06-14 11:20:00,114.169233787,114.177572264,114.169233787,114.177572264,1365
2021-06-14 11:19:00,114.169432323,114.172608885,114.167645506,114.169829393,2430
2021-06-14 11:18:00,114.177572264,114.177572264,114.169730125,114.169730125,4614
2021-06-14 11:17:00,114.182535643,114.182535643,114.182535643,114.182535643,385
2021-06-14 11:16:00,114.187499022,114.187499022,114.177671532,114.179756151,2719
2021-06-14 11:15:00,114.182535643,114.182535643,114.182535643,114.182535643,2093
2021-06-14 11:14:00,114.185414403,114.186506347,114.177572264,114.182535643,2894
2021-06-14 11:13:00,114.192462401,114.192462401,114.182535643,114.182535643,2652
2021-06-14 11:12:00,114.192462401,114.197425781,114.187499022,114.197425781,13581
2021-06-14 11:11:00,114.20238916,114.207352539,114.197425781,114.197425781,2586
2021-06-14 11:10:00,114.212315918,114.212315918,114.207352539,114.207352539,6073
2021-06-14 11:09:00,114.212315918,114.215790283,114.207352539,114.215790283,1369
2021-06-14 11:08:00,114.213705664,114.213705664,114.212315918,114.212315918,876
2021-06-14 11:07:00,114.212315918,114.217279297,114.209437158,114.215790283,1017
2021-06-14 11:06:00,114.216782959,114.217180029,114.207352539,114.207352539,7591
2021-06-14 11:05:00,114.20894082,114.217279297,114.20894082,114.212315918,1630
2021-06-14 11:04:00,114.217279297,114.217279297,114.217279297,114.217279297,530
2021-06-14 11:03:00,114.20894082,114.217279297,114.208345215,114.217180029,9678
2021-06-14 11:02:00,114.218172705,114.218172705,114.217279297,114.217279297,6652
2021-06-14 11:01:00,114.219066113,114.227206055,114.217279297,114.217279297,2439
2021-06-14 11:00:00,114.227206055,114.227206055,114.217279297,114.227206055,1667
2021-06-14 10:59:00,114.227206055,114.236140137,114.227206055,114.227206055,3834
2021-06-14 10:58:00,114.220654395,114.237132813,114.220654395,114.227206055,3273
2021-06-14 10:57:00,114.225617774,114.227206055,114.224029492,114.227206055,919
2021-06-14 10:56:00,114.222242676,114.227206055,114.218867578,114.227206055,4487
2021-06-14 10:55:00,114.222242676,114.227206055,114.217279297,114.225717041,2250
2021-06-14 10:54:00,114.225419239,114.225419239,114.217279297,114.217279297,942
2021-06-14 10:53:00,114.209238623,114.222242676,114.209238623,114.222242676,5126
2021-06-14 10:52:00,114.217279297,114.217279297,114.210330566,114.217279297,1742
2021-06-14 10:51:00,114.217279297,114.217279297,114.217279297,114.217279297,335
2021-06-14 10:50:00,114.212315918,114.217279297,114.208245947,114.217279297,10948
2021-06-14 10:49:00,114.207352539,114.212315918,114.207352539,114.207451806,4832
2021-06-14 10:48:00,114.207352539,114.207352539,114.197425781,114.197425781,2766
2021-06-14 10:47:00,114.197425781,114.207352539,114.197425781,114.200900146,2106
2021-06-14 10:46:00,114.197425781,114.197425781,114.195936767,114.197425781,1045
2021-06-14 10:45:00,114.20238916,114.205367187,114.197425781,114.197425781,2596
2021-06-14 10:44:00,114.207352539,114.207352539,114.197425781,114.20238916,5682
2021-06-14 10:43:00,114.207352539,114.207352539,114.200503076,114.206359863,4718
2021-06-14 10:42:00,114.20238916,114.207352539,114.20238916,114.207352539,2253
2021-06-14 10:41:00,114.198914794,114.207352539,114.198914794,114.207253271,5264
2021-06-14 10:40:00,114.20238916,114.206260595,114.20238916,114.206260595,5047
2021-06-14 10:39:00,114.205863525,114.205863525,114.20238916,114.20238916,1141
2021-06-14 10:38:00,114.201396484,114.201396484,114.201396484,114.201396484,198
2021-06-14 10:37:00,114.205863525,114.207352539,114.197822851,114.207352539,7183
2021-06-14 10:36:00,114.206955468,114.206955468,114.199609667,114.20238916,766
2021-06-14 10:35:00,114.198418456,114.198418456,114.197822851,114.197822851,1103
2021-06-14 10:34:00,114.20238916,114.20238916,114.20238916,114.20238916,547
2021-06-14 10:33:00,114.197425781,114.197425781,114.197425781,114.197425781,1401
2021-06-14 10:32:00,114.197425781,114.197425781,114.192462401,114.193554345,1704
2021-06-14 10:31:00,114.197425781,114.197425781,114.197425781,114.197425781,14118
2021-06-14 10:30:00,114.20238916,114.207352539,114.20238916,114.206657666,1385
2021-06-14 10:29:00,114.20238916,114.20238916,114.199609667,114.20238916,3427
2021-06-14 10:28:00,114.192462401,114.207054736,114.192462401,114.207054736,4918
2021-06-14 10:27:00,114.19047705,114.19047705,114.19047705,114.19047705,447
2021-06-14 10:26:00,114.197425781,114.198914794,114.18759829,114.18759829,2330
2021-06-14 10:25:00,114.203381835,114.205764257,114.20238916,114.20238916,1140
2021-06-14 10:24:00,114.197425781,114.20238916,114.196036034,114.20238916,7570
2021-06-14 10:23:00,114.187499022,114.197425781,114.179458348,114.197425781,5247
2021-06-14 10:22:00,114.182535643,114.195738232,114.182535643,114.192462401,1662
2021-06-14 10:21:00,114.187499022,114.187499022,114.182535643,114.182535643,4265
2021-06-14 10:20:00,114.192462401,114.192462401,114.17896201,114.17896201,9342
2021-06-14 10:19:00,114.197425781,114.197425781,114.187499022,114.187499022,3799
2021-06-14 10:18:00,114.202885498,114.202885498,114.202885498,114.202885498,173
2021-06-14 10:17:00,114.201793554,114.201793554,114.199113329,114.199113329,1577
2021-06-14 10:16:00,114.20238916,114.205367187,114.197922118,114.197922118,2181
2021-06-14 10:15:00,114.20238916,114.207352539,114.200403808,114.207352539,5770
2021-06-14 10:14:00,114.205863525,114.206359863,114.200106005,114.206359863,2137
2021-06-14 10:13:00,114.215293945,114.215293945,114.207352539,114.207352539,4964
2021-06-14 10:12:00,114.20238916,114.212315918,114.20238916,114.212315918,68978
2021-06-14 10:11:00,114.207352539,114.207352539,114.20238916,114.20238916,42250
2021-06-14 10:10:00,114.197425781,114.205168652,114.197425781,114.205168652,3106
2021-06-14 10:09:00,114.20238916,114.206359863,114.197425781,114.197425781,3906
2021-06-14 10:08:00,114.217180029,114.217180029,114.207352539,114.207352539,7493
2021-06-14 10:07:00,114.217279297,114.217279297,114.208841552,114.217180029,3071
2021-06-14 10:06:00,114.217279297,114.222242676,114.212315918,114.212315918,19397
2021-06-14 10:05:00,114.227801661,114.227801661,114.227206055,114.227206055,876
2021-06-14 10:04:00,114.228695069,114.235048194,114.227206055,114.227206055,1123
2021-06-14 10:03:00,114.227206055,114.229290674,114.227206055,114.229290674,1924
2021-06-14 10:02:00,114.222242676,114.232169434,114.222242676,114.227206055,7184
2021-06-14 10:01:00,114.217279297,114.217378564,114.207352539,114.217378564,21840
2021-06-14 10:00:00,114.208841552,114.217279297,114.207451806,114.207451806,5768
2021-06-14 09:59:00,114.222242676,114.227106787,114.217279297,114.217279297,2741
2021-06-14 09:58:00,114.217279297,114.222242676,114.217279297,114.217279297,9183
2021-06-14 09:57:00,114.212315918,114.217279297,114.212315918,114.217279297,11937
2021-06-14 09:56:00,114.20238916,114.207352539,114.20238916,114.207352539,42402
2021-06-14 09:55:00,114.197425781,114.206856201,114.197425781,114.20238916,14217
2021-06-14 09:54:00,114.200999414,114.200999414,114.191469726,114.197425781,2789
2021-06-14 09:53:00,114.212315918,114.214003467,114.20238916,114.20238916,31300
2021-06-14 09:52:00,114.217279297,114.217279297,114.212315918,114.217279297,47392
2021-06-14 09:51:00,114.227206055,114.227206055,114.217279297,114.217279297,5170
2021-06-14 09:50:00,114.227206055,114.227206055,114.222242676,114.222242676,12684
2021-06-14 09:49:00,114.227206055,114.237132813,114.222242676,114.232169434,165098
2021-06-14 09:48:00,114.227206055,114.227206055,114.217279297,114.226213379,33739
2021-06-14 09:47:00,114.247059571,114.247059571,114.232169434,114.232169434,1278
2021-06-14 09:46:00,114.247059571,114.247059571,114.237132813,114.242096192,118278
2021-06-14 09:45:00,114.241302052,114.244875685,114.237132813,114.237132813,7310
2021-06-14 09:44:00,114.248548585,114.25202295,114.237132813,114.242096192,13839
2021-06-14 09:43:00,114.286766604,114.295204348,114.256986329,114.261949709,11428
2021-06-14 09:42:00,114.286766604,114.295005813,114.286766604,114.286766604,4603
2021-06-14 09:41:00,114.291729983,114.296693362,114.286766604,114.286766604,3383
2021-06-14 09:40:00,114.286766604,114.296693362,114.286766604,114.296693362,3506
2021-06-14 09:39:00,114.296693362,114.296693362,114.286766604,114.293715335,6112
2021-06-14 09:38:00,114.291729983,114.291729983,114.286766604,114.286766604,616
2021-06-14 09:37:00,114.286766604,114.295998489,114.286766604,114.286766604,2775
2021-06-14 09:36:00,114.291729983,114.296693362,114.286766604,114.292524124,49934
2021-06-14 09:35:00,114.291729983,114.296693362,114.286766604,114.286766604,17867
2021-06-14 09:34:00,114.291729983,114.296693362,114.286766604,114.296693362,12346
2021-06-14 09:33:00,114.286766604,114.296693362,114.286766604,114.291729983,43682
2021-06-14 09:32:00,114.30662012,114.30662012,114.286766604,114.289248293,37759
2021-06-14 09:31:00,114.336400395,114.336400395,114.30662012,114.315951273,138186
2021-06-14 09:18:00,114.366180669,114.386034185,114.366180669,114.386034185,695
2021-06-11 16:00:00,114.395960944,114.405887702,114.386133453,114.405887702,209936
2021-06-11 15:59:00,114.390997565,114.395960944,114.386034185,114.395960944,54732
2021-06-11 15:58:00,114.390997565,114.395960944,114.386034185,114.390997565,77760
2021-06-11 15:57:00,114.386034185,114.395960944,114.386034185,114.390997565,17441
2021-06-11 15:56:00,114.386034185,114.39447193,114.386034185,114.390997565,10141
2021-06-11 15:55:00,114.39199024,114.395960944,114.386034185,114.390997565,14105
2021-06-11 15:54:00,114.390997565,114.390997565,114.386034185,114.390997565,23245
2021-06-11 15:53:00,114.386034185,114.390997565,114.386034185,114.386034185,4275
2021-06-11 15:52:00,114.386034185,114.395960944,114.386034185,114.386034185,8639
2021-06-11 15:51:00,114.390997565,114.395960944,114.386034185,114.386034185,7816
2021-06-11 15:50:00,114.381070806,114.390997565,114.376206695,114.390997565,30300
2021-06-11 15:49:00,114.381070806,114.386034185,114.381070806,114.386034185,10737
2021-06-11 15:48:00,114.381070806,114.386034185,114.381070806,114.382262017,24399
2021-06-11 15:47:00,114.381070806,114.381070806,114.381070806,114.381070806,11351
2021-06-11 15:46:00,114.381070806,114.381070806,114.376107427,114.381070806,17995
2021-06-11 15:45:00,114.381070806,114.381864947,114.381070806,114.381070806,7935
2021-06-11 15:44:00,114.381070806,114.386034185,114.376107427,114.381070806,12474
2021-06-11 15:43:00,114.386034185,114.386034185,114.376107427,114.381070806,23793
2021-06-11 15:42:00,114.383850299,114.385140777,114.376107427,114.381070806,9208
2021-06-11 15:41:00,114.378291314,114.381070806,114.376107427,114.381070806,7560
2021-06-11 15:40:00,114.376107427,114.386034185,114.376107427,114.376107427,36065
2021-06-11 15:39:00,114.381070806,114.384048834,114.376107427,114.381070806,5576
2021-06-11 15:38:00,114.381070806,114.38504151,114.376107427,114.376107427,9918
2021-06-11 15:37:00,114.376107427,114.386034185,114.370746978,114.386034185,18447
2021-06-11 15:36:00,114.371144048,114.376107427,114.371144048,114.376107427,39374
2021-06-11 15:35:00,114.367173345,114.376107427,114.367173345,114.376107427,12834
2021-06-11 15:34:00,114.373228667,114.376107427,114.371144048,114.371144048,7354
2021-06-11 15:33:00,114.371144048,114.376107427,114.366180669,114.371144048,32850
2021-06-11 15:32:00,114.376107427,114.376107427,114.368364556,114.371144048,17087
2021-06-11 15:31:00,114.366180669,114.376107427,114.366180669,114.371144048,13286
2021-06-11 15:30:00,114.366180669,114.372235992,114.366180669,114.366180669,3631
2021-06-11 15:29:00,114.366180669,114.374320611,114.366180669,114.374320611,2043
2021-06-11 15:28:00,114.366180669,114.371144048,114.366180669,114.366180669,5260
2021-06-11 15:27:00,114.371144048,114.376107427,114.366180669,114.366180669,8870
2021-06-11 15:26:00,114.371144048,114.374419878,114.366180669,114.374419878,3948
2021-06-11 15:25:00,114.366180669,114.37600816,114.366180669,114.366180669,5694
2021-06-11 15:24:00,114.366180669,114.37600816,114.366180669,114.369456499,4498
2021-06-11 15:23:00,114.367669683,114.376107427,114.366180669,114.366180669,3407
2021-06-11 15:22:00,114.371144048,114.373923541,114.371144048,114.371144048,613
2021-06-11 15:21:00,114.371144048,114.371144048,114.369357232,114.371144048,1545
2021-06-11 15:20:00,114.368066753,114.376107427,114.366180669,114.370151372,35654
2021-06-11 15:19:00,114.366180669,114.371144048,114.366180669,114.371144048,5242
2021-06-11 15:18:00,114.366180669,114.375114751,114.366180669,114.366180669,2695
2021-06-11 15:17:00,114.371144048,114.376107427,114.371144048,114.376107427,1312
2021-06-11 15:16:00,114.371144048,114.376107427,114.366180669,114.371144048,2067
2021-06-11 15:15:00,114.374221343,114.376107427,114.370449175,114.373725005,6493
2021-06-11 15:14:00,114.36121729,114.376107427,114.36121729,114.376107427,5763
2021-06-11 15:13:00,114.359231938,114.366180669,114.359231938,114.366180669,1559
2021-06-11 15:12:00,114.356650981,114.366180669,114.356253911,114.366180669,4056
2021-06-11 15:11:00,114.366081402,114.366180669,114.35794146,114.366180669,6462
2021-06-11 15:10:00,114.366180669,114.366180669,114.36121729,114.366180669,5796
2021-06-11 15:09:00,114.366180669,114.366180669,114.357842192,114.36121729,1473
2021-06-11 15:08:00,114.356253911,114.366180669,114.356253911,114.366180669,6072
2021-06-11 15:07:00,114.366180669,114.366180669,114.36121729,114.366081402,5133
2021-06-11 15:06:00,114.366180669,114.366180669,114.36121729,114.36121729,3829
2021-06-11 15:05:00,114.371144048,114.371144048,114.36121729,114.366180669,8561
2021-06-11 15:04:00,114.375114751,114.376107427,114.371144048,114.371144048,862
2021-06-11 15:03:00,114.375114751,114.376107427,114.371144048,114.371144048,3939
2021-06-11 15:02:00,114.374122076,114.374122076,114.367570415,114.371144048,948
2021-06-11 15:01:00,114.381070806,114.381070806,114.371144048,114.371144048,5691
2021-06-11 15:00:00,114.386034185,114.390997565,114.377596441,114.377596441,4481
2021-06-11 14:59:00,114.381070806,114.390997565,114.381070806,114.386034185,15218
2021-06-11 14:58:00,114.381070806,114.381070806,114.376206695,114.376206695,1808
2021-06-11 14:57:00,114.381070806,114.386034185,114.377100103,114.386034185,1909
2021-06-11 14:56:00,114.386034185,114.386034185,114.376107427,114.377596441,2296
2021-06-11 14:55:00,114.386034185,114.386034185,114.382063482,114.386034185,3259
2021-06-11 14:54:00,114.386034185,114.386034185,114.382063482,114.386034185,966
2021-06-11 14:53:00,114.381070806,114.386034185,114.377993511,114.386034185,2112
2021-06-11 14:52:00,114.381070806,114.386034185,114.377000836,114.381070806,6845
2021-06-11 14:51:00,114.38504151,114.386034185,114.381070806,114.386034185,1251
2021-06-11 14:50:00,114.386034185,114.386034185,114.378291314,114.378291314,797
2021-06-11 14:49:00,114.386034185,114.386034185,114.376206695,114.38504151,3140
2021-06-11 14:48:00,114.394968268,114.394968268,114.376107427,114.386034185,8330
2021-06-11 14:47:00,114.390997565,114.39199024,114.386034185,114.390997565,4439
2021-06-11 14:46:00,114.390997565,114.390997565,114.387423932,114.387423932,2437
2021-06-11 14:45:00,114.400924323,114.400924323,114.390997565,114.390997565,3330
2021-06-11 14:44:00,114.400924323,114.400924323,114.395960944,114.400924323,2483
2021-06-11 14:43:00,114.401817731,114.405887702,114.395960944,114.395960944,20538
2021-06-11 14:42:00,114.400924323,114.400924323,114.400924323,114.400924323,680
2021-06-11 14:41:00,114.400924323,114.402810407,114.395960944,114.402810407,773
2021-06-11 14:40:00,114.400924323,114.405887702,114.395960944,114.395960944,3341
2021-06-11 14:39:00,114.395960944,114.405887702,114.389012213,114.400924323,7153
2021-06-11 14:38:00,114.390997565,114.395960944,114.390997565,114.395960944,1208
2021-06-11 14:37:00,114.394174127,114.395960944,114.390997565,114.395960944,1805
2021-06-11 14:36:00,114.387523199,114.395960944,114.387523199,114.390898297,3021
2021-06-11 14:35:00,114.395960944,114.405887702,114.386034185,114.390997565,7262
2021-06-11 14:34:00,114.395960944,114.404398688,114.390997565,114.404398688,8372
2021-06-11 14:33:00,114.387026861,114.395960944,114.387026861,114.395960944,3452
2021-06-11 14:32:00,114.387523199,114.395960944,114.387523199,114.395960944,6580
2021-06-11 14:31:00,114.390997565,114.395960944,114.386034185,114.395960944,8726
2021-06-11 14:30:00,114.395960944,114.395960944,114.39159317,114.395663141,2292
2021-06-11 14:29:00,114.390997565,114.395960944,114.390997565,114.395960944,4776
2021-06-11 14:28:00,114.387523199,114.390997565,114.386034185,114.390997565,1944
2021-06-11 14:27:00,114.390997565,114.395960944,114.386034185,114.386034185,5114
2021-06-11 14:26:00,114.379085455,114.395960944,114.379085455,114.388118805,4537
2021-06-11 14:25:00,114.386034185,114.386034185,114.380078131,114.386034185,1735
2021-06-11 14:24:00,114.386034185,114.386034185,114.380078131,114.386034185,20551
2021-06-11 14:23:00,114.395960944,114.395960944,114.386034185,114.386034185,1223
2021-06-11 14:22:00,114.390997565,114.390997565,114.386034185,114.390997565,10918
2021-06-11 14:21:00,114.386034185,114.395861676,114.386034185,114.395861676,4840
2021-06-11 14:20:00,114.390997565,114.394968268,114.386034185,114.390997565,11637
2021-06-11 14:19:00,114.395960944,114.400924323,114.386034185,114.394968268,22510
2021-06-11 14:18:00,114.395960944,114.403703815,114.395960944,114.395960944,4125
2021-06-11 14:17:00,114.395960944,114.405887702,114.395960944,114.405887702,3469
2021-06-11 14:16:00,114.395960944,114.405887702,114.395960944,114.395960944,2939
2021-06-11 14:15:00,114.395960944,114.405788434,114.395960944,114.395960944,11751
2021-06-11 14:14:00,114.390004889,114.395960944,114.390004889,114.395960944,1464
2021-06-11 14:13:00,114.395960944,114.395960944,114.390997565,114.390997565,862
2021-06-11 14:12:00,114.390997565,114.395960944,114.390997565,114.390997565,2141
2021-06-11 14:11:00,114.395365338,114.395365338,114.390997565,114.390997565,2589
2021-06-11 14:10:00,114.391692438,114.395960944,114.386034185,114.386034185,5899
2021-06-11 14:09:00,114.390997565,114.395960944,114.390997565,114.390997565,4215
2021-06-11 14:08:00,114.394968268,114.394968268,114.386034185,114.394968268,4282
2021-06-11 14:07:00,114.395960944,114.395960944,114.386034185,114.388218072,5912
2021-06-11 14:06:00,114.390997565,114.390997565,114.386034185,114.390997565,14267
2021-06-11 14:05:00,114.400924323,114.404895026,114.386034185,114.390997565,25155
2021-06-11 14:04:00,114.405887702,114.405887702,114.395960944,114.396060211,8047
2021-06-11 14:03:00,114.405887702,114.405887702,114.395960944,114.395960944,2853
2021-06-11 14:02:00,114.395960944,114.395960944,114.395960944,114.395960944,1489
2021-06-11 14:01:00,114.395960944,114.400924323,114.395960944,114.400924323,2940
2021-06-11 14:00:00,114.39735069,114.405887702,114.395960944,114.405887702,2194
2021-06-11 13:59:00,114.405887702,114.405887702,114.395960944,114.405887702,10923
2021-06-11 13:58:00,114.405887702,114.414325446,114.405887702,114.414325446,2756
2021-06-11 13:57:00,114.410851081,114.415715192,114.405887702,114.405887702,878
2021-06-11 13:56:00,114.410851081,114.414325446,114.405887702,114.414325446,553
2021-06-11 13:55:00,114.411744489,114.414821784,114.405887702,114.410851081,2545
2021-06-11 13:54:00,114.402611872,114.41581446,114.400924323,114.410851081,8725
2021-06-11 13:53:00,114.400924323,114.400924323,114.400924323,114.400924323,593
2021-06-11 13:52:00,114.396457282,114.405887702,114.396457282,114.400924323,2235
2021-06-11 13:51:00,114.39814483,114.400924323,114.395960944,114.400924323,1907
2021-06-11 13:50:00,114.405887702,114.405887702,114.39735069,114.405887702,3207
2021-06-11 13:49:00,114.405887702,114.405887702,114.395960944,114.395960944,896
2021-06-11 13:48:00,114.405887702,114.41581446,114.395960944,114.400924323,38572
2021-06-11 13:47:00,114.405887702,114.411049616,114.405887702,114.410851081,3272
2021-06-11 13:46:00,114.410851081,114.410851081,114.405887702,114.407773786,2066
2021-06-11 13:45:00,114.407475983,114.41581446,114.405887702,114.410851081,8209
2021-06-11 13:44:00,114.410851081,114.41581446,114.405887702,114.41581446,2152
2021-06-11 13:43:00,114.410851081,114.41581446,114.405887702,114.405887702,3562
2021-06-11 13:42:00,114.407376715,114.41581446,114.405887702,114.41581446,3480
2021-06-11 13:41:00,114.41541739,114.41581446,114.407376715,114.410851081,3376
2021-06-11 13:40:00,114.405887702,114.41581446,114.405887702,114.407078913,1137
2021-06-11 13:39:00,114.414325446,114.414325446,114.414325446,114.414325446,491
2021-06-11 13:38:00,114.405887702,114.412240827,114.405887702,114.412240827,6227
2021-06-11 13:37:00,114.405887702,114.405887702,114.395960944,114.405887702,2507
2021-06-11 13:36:00,114.400924323,114.405887702,114.395960944,114.395960944,14538
2021-06-11 13:35:00,114.405887702,114.405887702,114.400924323,114.405887702,1354
2021-06-11 13:34:00,114.405887702,114.405887702,114.39814483,114.400924323,2406
2021-06-11 13:33:00,114.400924323,114.400924323,114.400924323,114.400924323,274
2021-06-11 13:32:00,114.400924323,114.400924323,114.400924323,114.400924323,585
2021-06-11 13:31:00,114.401916999,114.405887702,114.395960944,114.395960944,2294
2021-06-11 13:30:00,114.405887702,114.405887702,114.401817731,114.405788434,1309
2021-06-11 13:29:00,114.400924323,114.405887702,114.395960944,114.400924323,4665
2021-06-11 13:28:00,114.405887702,114.405887702,114.400924323,114.400924323,19547
2021-06-11 13:27:00,114.405887702,114.405887702,114.405887702,114.405887702,401
2021-06-11 13:26:00,114.397847028,114.400924323,114.397847028,114.400924323,1057
2021-06-11 13:25:00,114.405887702,114.405887702,114.395960944,114.405887702,13797
2021-06-11 13:24:00,114.404895026,114.405887702,114.395960944,114.405788434,4705
2021-06-11 13:23:00,114.400924323,114.404895026,114.398938971,114.400924323,4293
2021-06-11 13:22:00,114.404895026,114.404895026,114.400924323,114.400924323,571
2021-06-11 13:21:00,114.395960944,114.400924323,114.395960944,114.400924323,2596
2021-06-11 13:20:00,114.400924323,114.400924323,114.395960944,114.400924323,1451
2021-06-11 13:19:00,114.405887702,114.405887702,114.395960944,114.400924323,4305
2021-06-11 13:18:00,114.400924323,114.405887702,114.400924323,114.405887702,1976
2021-06-11 13:17:00,114.400924323,114.404497956,114.395960944,114.395960944,618
2021-06-11 13:16:00,114.410851081,114.41581446,114.400924323,114.405887702,4482
2021-06-11 13:15:00,114.41581446,114.41581446,114.405887702,114.407376715,2778
2021-06-11 13:14:00,114.403406012,114.414325446,114.403406012,114.405887702,6586
2021-06-11 13:13:00,114.400924323,114.405887702,114.400924323,114.405887702,1609
2021-06-11 13:12:00,114.405887702,114.405887702,114.397549225,114.397549225,1388
2021-06-11 13:11:00,114.405490631,114.405887702,114.39774776,114.400924323,4027
2021-06-11 13:10:00,114.410851081,114.410851081,114.395960944,114.400924323,16525
2021-06-11 13:09:00,114.408865729,114.41581446,114.405887702,114.405887702,2453
2021-06-11 13:08:00,114.410851081,114.415715192,114.405887702,114.415715192,1323
2021-06-11 13:07:00,114.410851081,114.410851081,114.410851081,114.410851081,478
2021-06-11 13:06:00,114.410851081,114.41581446,114.410851081,114.410851081,1327
2021-06-11 13:05:00,114.410851081,114.410851081,114.410851081,114.410851081,4705
2021-06-11 13:04:00,114.410851081,114.41581446,114.405887702,114.410851081,23607
2021-06-11 13:03:00,114.410851081,114.413034968,114.405986969,114.410851081,1132
2021-06-11 13:02:00,114.410851081,114.41581446,114.405887702,114.41581446,4499
2021-06-11 13:01:00,114.41581446,114.41581446,114.405887702,114.41581446,18558
2021-06-11 13:00:00,114.407773786,114.41581446,114.407773786,114.41581446,2086
2021-06-11 12:59:00,114.400924323,114.41581446,114.400924323,114.41581446,8619
2021-06-11 12:57:00,114.404696491,114.405887702,114.400924323,114.400924323,2720
2021-06-11 12:56:00,114.400924323,114.405887702,114.395960944,114.400924323,3628
2021-06-11 12:55:00,114.404895026,114.405887702,114.395960944,114.405887702,6103
2021-06-11 12:54:00,114.405887702,114.414821784,114.400924323,114.400924323,3602
2021-06-11 12:53:00,114.405887702,114.405887702,114.405887702,114.405887702,151
2021-06-11 12:52:00,114.41581446,114.41581446,114.410851081,114.413630573,1041
2021-06-11 12:51:00,114.4129357,114.41541739,114.405887702,114.41541739,2278
2021-06-11 12:50:00,114.405887702,114.414424714,114.405887702,114.412240827,1687
2021-06-11 12:49:00,114.41581446,114.41581446,114.405887702,114.405887702,2846
2021-06-11 12:48:00,114.41581446,114.41581446,114.410851081,114.41581446,3039
2021-06-11 12:46:00,114.410851081,114.41581446,114.410851081,114.41581446,2325
2021-06-11 12:45:00,114.410851081,114.41581446,114.405887702,114.410851081,7787
2021-06-11 12:44:00,114.414821784,114.41581446,114.405887702,114.410851081,4847
2021-06-11 12:43:00,114.410950348,114.41581446,114.405887702,114.410851081,16623
2021-06-11 12:42:00,114.405887702,114.405887702,114.405887702,114.405887702,5047
2021-06-11 12:41:00,114.405887702,114.405887702,114.400924323,114.405788434,2028
2021-06-11 12:40:00,114.405887702,114.405887702,114.395960944,114.400924323,3631
2021-06-11 12:39:00,114.400924323,114.400924323,114.395960944,114.397847028,7807
2021-06-11 12:38:00,114.396258746,114.400924323,114.396258746,114.400924323,384
2021-06-11 12:37:00,114.399236774,114.404398688,114.395960944,114.395960944,1591
2021-06-11 12:36:00,114.397449957,114.405887702,114.395960944,114.405887702,3386
2021-06-11 12:35:00,114.395960944,114.400924323,114.395960944,114.400924323,9922
2021-06-11 12:34:00,114.386034185,114.395960944,114.386034185,114.386034185,4843
2021-06-11 12:33:00,114.392288043,114.395960944,114.386034185,114.395960944,2586
2021-06-11 12:32:00,114.387026861,114.390997565,114.386034185,114.386034185,1576
2021-06-11 12:31:00,114.386034185,114.393777057,114.386034185,114.390997565,6668
2021-06-11 12:30:00,114.381070806,114.381070806,114.381070806,114.381070806,261
2021-06-11 12:29:00,114.377596441,114.386034185,114.376107427,114.386034185,2688
2021-06-11 12:28:00,114.371144048,114.384445904,114.371144048,114.381070806,7948
2021-06-11 12:27:00,114.366180669,114.371144048,114.366180669,114.371144048,1075
2021-06-11 12:26:00,114.376107427,114.376107427,114.371144048,114.375313287,852
2021-06-11 12:25:00,114.376107427,114.376107427,114.366180669,114.374320611,1003
2021-06-11 12:24:00,114.376107427,114.376107427,114.366180669,114.371144048,3835
2021-06-11 12:23:00,114.376107427,114.386034185,114.366180669,114.366180669,105810
2021-06-11 12:22:00,114.376107427,114.384545172,114.376107427,114.376107427,6255
2021-06-11 12:21:00,114.386034185,114.395960944,114.381070806,114.381070806,21681
2021-06-11 12:20:00,114.386034185,114.386034185,114.37968106,114.37968106,1280
2021-06-11 12:19:00,114.386034185,114.386034185,114.381070806,114.386034185,1633
2021-06-11 12:18:00,114.376107427,114.381070806,114.376107427,114.381070806,2820
2021-06-11 12:17:00,114.366180669,114.375412554,114.366180669,114.375412554,5142
2021-06-11 12:16:00,114.366180669,114.366180669,114.36121729,114.36121729,772
2021-06-11 12:15:00,114.366180669,114.366180669,114.357742925,114.366180669,1160
2021-06-11 12:14:00,114.36121729,114.366180669,114.356253911,114.36121729,17215
2021-06-11 12:13:00,114.36121729,114.362706304,114.358040727,114.36121729,1208
2021-06-11 12:12:00,114.364393853,114.364393853,114.36121729,114.363599712,2324
2021-06-11 12:11:00,114.356253911,114.366180669,114.356253911,114.363996782,2015
2021-06-11 12:10:00,114.366180669,114.366180669,114.356253911,114.357246587,12758
2021-06-11 12:09:00,114.356253911,114.365088726,114.356253911,114.36121729,3663
2021-06-11 12:08:00,114.36121729,114.366180669,114.356253911,114.358040727,1538
2021-06-11 12:07:00,114.366180669,114.366180669,114.36121729,114.36121729,1780
2021-06-11 12:06:00,114.356253911,114.35833853,114.356253911,114.356253911,1156
2021-06-11 12:05:00,114.363996782,114.363996782,114.356253911,114.356253911,5212
2021-06-11 12:04:00,114.356253911,114.366180669,114.356253911,114.356253911,1853
2021-06-11 12:03:00,114.356253911,114.36121729,114.356253911,114.356253911,18446
2021-06-11 12:02:00,114.36121729,114.36121729,114.357048052,114.36121729,1684
2021-06-11 12:01:00,114.357246587,114.36121729,114.357246587,114.36121729,902
2021-06-11 12:00:00,114.366180669,114.366180669,114.366180669,114.366180669,450
2021-06-11 11:59:00,114.358437798,114.366180669,114.358437798,114.36121729,990
2021-06-11 11:58:00,114.36121729,114.36121729,114.356253911,114.356253911,421
2021-06-11 11:57:00,114.36121729,114.365684331,114.356253911,114.36121729,1800
2021-06-11 11:56:00,114.36121729,114.366180669,114.356253911,114.358437798,4141
2021-06-11 11:55:00,114.364592388,114.364592388,114.356253911,114.36121729,1762
2021-06-11 11:54:00,114.357742925,114.366180669,114.357742925,114.366180669,1332
2021-06-11 11:53:00,114.361018755,114.36121729,114.361018755,114.361018755,541
2021-06-11 11:52:00,114.363996782,114.364691655,114.36121729,114.36121729,1158
2021-06-11 11:51:00,114.36121729,114.36121729,114.356253911,114.36121729,3950
2021-06-11 11:50:00,114.356253911,114.364195318,114.356253911,114.36121729,2760
2021-06-11 11:49:00,114.356253911,114.365684331,114.356253911,114.36121729,2373
2021-06-11 11:48:00,114.36121729,114.366180669,114.36121729,114.36121729,4107
2021-06-11 11:47:00,114.363500444,114.365485796,114.36121729,114.365485796,945
2021-06-11 11:46:00,114.34642642,114.366180669,114.34642642,114.359231938,3033
2021-06-11 11:45:00,114.341363774,114.351290532,114.341363774,114.346327153,19976
2021-06-11 11:44:00,114.341363774,114.341363774,114.341363774,114.341363774,1009
2021-06-11 11:43:00,114.341363774,114.346327153,114.336400395,114.336400395,24667
2021-06-11 11:42:00,114.341363774,114.344540336,114.336400395,114.341363774,27086
2021-06-11 11:41:00,114.344143266,114.344143266,114.336400395,114.336400395,725
2021-06-11 11:40:00,114.336400395,114.344540336,114.336400395,114.336400395,6417
2021-06-11 11:39:00,114.346327153,114.346327153,114.336400395,114.341363774,20188
2021-06-11 11:38:00,114.341363774,114.346327153,114.336400395,114.336400395,45147
2021-06-11 11:37:00,114.341363774,114.346327153,114.336400395,114.346327153,8962
2021-06-11 11:36:00,114.336400395,114.343845463,114.336400395,114.341363774,2449
2021-06-11 11:35:00,114.341363774,114.346327153,114.341363774,114.341363774,1324
2021-06-11 11:34:00,114.346327153,114.346327153,114.346327153,114.346327153,383
2021-06-11 11:33:00,114.346327153,114.346327153,114.341363774,114.346327153,2728
2021-06-11 11:32:00,114.336400395,114.346227885,114.336400395,114.346227885,2935
2021-06-11 11:31:00,114.331437016,114.334415043,114.328458988,114.334415043,837
2021-06-11 11:30:00,114.336400395,114.336400395,114.326473637,114.326473637,3518
2021-06-11 11:29:00,114.336400395,114.346227885,114.336400395,114.336400395,3046
2021-06-11 11:28:00,114.346327153,114.351290532,114.336400395,114.343845463,17190
2021-06-11 11:27:00,114.346327153,114.352283208,114.346327153,114.34851104,6842
2021-06-11 11:26:00,114.351290532,114.351290532,114.351290532,114.351290532,339
2021-06-11 11:25:00,114.343051323,114.356253911,114.337988676,114.356253911,8216
2021-06-11 11:24:00,114.341264506,114.346327153,114.336400395,114.346327153,1497
2021-06-11 11:23:00,114.346327153,114.346327153,114.336400395,114.339378422,3085
2021-06-11 11:22:00,114.338584281,114.346327153,114.336400395,114.341363774,3195
2021-06-11 11:21:00,114.341363774,114.346327153,114.336400395,114.341363774,2845
2021-06-11 11:20:00,114.336996,114.341363774,114.336400395,114.336400395,1254
2021-06-11 11:19:00,114.341363774,114.346327153,114.336400395,114.341363774,23292
2021-06-11 11:18:00,114.346327153,114.346327153,114.346327153,114.346327153,987
2021-06-11 11:17:00,114.351290532,114.351290532,114.336400395,114.336400395,3327
2021-06-11 11:16:00,114.346327153,114.355658306,114.346327153,114.355658306,3609
2021-06-11 11:15:00,114.347816167,114.356253911,114.346327153,114.351290532,2956
2021-06-11 11:14:00,114.345334477,114.351290532,114.341363774,114.351290532,10030
2021-06-11 11:13:00,114.351290532,114.351290532,114.341363774,114.341363774,1901
2021-06-11 11:12:00,114.354864165,114.356253911,114.347816167,114.351290532,6124
2021-06-11 11:11:00,114.341363774,114.346327153,114.341363774,114.346327153,3841
2021-06-11 11:10:00,114.336400395,114.346327153,114.336400395,114.341363774,4616
2021-06-11 11:09:00,114.337194535,114.346327153,114.336400395,114.346327153,25999
2021-06-11 11:08:00,114.346327153,114.346327153,114.341363774,114.341363774,2727
2021-06-11 11:07:00,114.336400395,114.346327153,114.336400395,114.336400395,6592
2021-06-11 11:06:00,114.346327153,114.346327153,114.336400395,114.336400395,4314
2021-06-11 11:05:00,114.354070024,114.354070024,114.336400395,114.346327153,2096
2021-06-11 11:04:00,114.346327153,114.351290532,114.346327153,114.346327153,2123
2021-06-11 11:03:00,114.356253911,114.36121729,114.356253911,114.356253911,1154
2021-06-11 11:02:00,114.366180669,114.376107427,114.366180669,114.366180669,4085
2021-06-11 11:01:00,114.356253911,114.375412554,114.356253911,114.366180669,13502
2021-06-11 11:00:00,114.356253911,114.356253911,114.346327153,114.356253911,4565
2021-06-11 10:59:00,114.356253911,114.364393853,114.356253911,114.357147319,6980
2021-06-11 10:58:00,114.366180669,114.366180669,114.356253911,114.356253911,771
2021-06-11 10:57:00,114.36121729,114.375114751,114.36121729,114.366180669,3127
2021-06-11 10:56:00,114.376107427,114.376107427,114.358437798,114.366180669,2188
2021-06-11 10:55:00,114.366180669,114.366180669,114.357842192,114.366180669,3704
2021-06-11 10:54:00,114.356353179,114.366180669,114.356353179,114.366180669,5210
2021-06-11 10:53:00,114.337889408,114.356253911,114.337889408,114.356253911,8180
2021-06-11 10:52:00,114.343746196,114.346327153,114.343746196,114.346128618,2434
2021-06-11 10:51:00,114.331437016,114.336400395,114.328061918,114.336400395,7343
2021-06-11 10:50:00,114.336400395,114.345830815,114.336301127,114.336400395,6509
2021-06-11 10:49:00,114.326473637,114.336400395,114.316546878,114.336400395,13853
2021-06-11 10:48:00,114.334216508,114.336400395,114.326374369,114.326473637,8092
2021-06-11 10:47:00,114.336400395,114.336400395,114.326473637,114.326473637,824
2021-06-11 10:46:00,114.32796265,114.336400395,114.32796265,114.333223832,2987
2021-06-11 10:45:00,114.336301127,114.336400395,114.336301127,114.336400395,915
2021-06-11 10:44:00,114.337988676,114.337988676,114.328657523,114.336400395,4551
2021-06-11 10:43:00,114.336499662,114.346327153,114.336400395,114.336400395,14576
2021-06-11 10:42:00,114.346227885,114.346327153,114.341363774,114.346327153,991
2021-06-11 10:41:00,114.337889408,114.346327153,114.336400395,114.346327153,7562
2021-06-11 10:40:00,114.345930083,114.346327153,114.341363774,114.346327153,782
2021-06-11 10:39:00,114.346227885,114.346227885,114.341363774,114.341363774,1083
2021-06-11 10:38:00,114.351290532,114.351290532,114.344738872,114.344738872,5081
2021-06-11 10:37:00,114.346327153,114.35466563,114.341363774,114.347816167,9006
2021-06-11 10:36:00,114.351290532,114.351290532,114.346327153,114.346327153,8143
2021-06-11 10:35:00,114.36121729,114.366180669,114.346327153,114.356154643,7948
2021-06-11 10:34:00,114.358040727,114.366180669,114.356253911,114.360026079,7754
2021-06-11 10:33:00,114.371144048,114.371144048,114.359728276,114.359728276,4026
2021-06-11 10:32:00,114.371144048,114.372930865,114.366180669,114.372930865,1214
2021-06-11 10:31:00,114.385140777,114.386034185,114.371144048,114.376107427,6149
2021-06-11 10:30:00,114.383850299,114.386034185,114.381964215,114.386034185,801
2021-06-11 10:29:00,114.366180669,114.386034185,114.36121729,114.386034185,5144
2021-06-11 10:28:00,114.371144048,114.376107427,114.36121729,114.366180669,10053
2021-06-11 10:27:00,114.371144048,114.371144048,114.366180669,114.366180669,2820
2021-06-11 10:26:00,114.366875542,114.371144048,114.366875542,114.371144048,2704
2021-06-11 10:25:00,114.386034185,114.386034185,114.366180669,114.366180669,7932
2021-06-11 10:24:00,114.390997565,114.395960944,114.386034185,114.386034185,4367
2021-06-11 10:23:00,114.395960944,114.405887702,114.395960944,114.395960944,948
2021-06-11 10:22:00,114.395960944,114.405887702,114.395960944,114.405887702,2707
2021-06-11 10:21:00,114.400924323,114.400924323,114.388118805,114.388118805,1805
2021-06-11 10:20:00,114.400527252,114.400527252,114.400527252,114.400527252,830
2021-06-11 10:19:00,114.405887702,114.405887702,114.396060211,114.400924323,2196
2021-06-11 10:18:00,114.410751813,114.41581446,114.405887702,114.410851081,1962
2021-06-11 10:17:00,114.410851081,114.410851081,114.407376715,114.407376715,665
2021-06-11 10:16:00,114.41581446,114.41581446,114.410851081,114.410851081,3346
2021-06-11 10:15:00,114.410851081,114.410851081,114.410851081,114.410851081,803
2021-06-11 10:14:00,114.410851081,114.410851081,114.40638404,114.4092628,3195
2021-06-11 10:13:00,114.425741218,114.425741218,114.41581446,114.41581446,7246
2021-06-11 10:12:00,114.437653328,114.440631355,114.425741218,114.425741218,1013
2021-06-11 10:11:00,114.440631355,114.445594734,114.425741218,114.435667976,4655
2021-06-11 10:10:00,114.435866511,114.440631355,114.435667976,114.435667976,1570
2021-06-11 10:09:00,114.440631355,114.440631355,114.427627302,114.435667976,8279
2021-06-11 10:08:00,114.430704597,114.445594734,114.430704597,114.440631355,6012
2021-06-11 10:07:00,114.435667976,114.435667976,114.425741218,114.425741218,7087
2021-06-11 10:06:00,114.445594734,114.445594734,114.435667976,114.440631355,4076
2021-06-11 10:05:00,114.445594734,114.445594734,114.440631355,114.440631355,14491
2021-06-11 10:04:00,114.445594734,114.455521493,114.445594734,114.445594734,6546
2021-06-11 10:03:00,114.445594734,114.455521493,114.445594734,114.445594734,24350
2021-06-11 10:02:00,114.455521493,114.455521493,114.445594734,114.450558113,7330
2021-06-11 10:01:00,114.41581446,114.465448251,114.41581446,114.445594734,107375
2021-06-11 10:00:00,114.410851081,114.41581446,114.405986969,114.407376715,34181
2021-06-11 09:59:00,114.41581446,114.41581446,114.409858405,114.410851081,5546
2021-06-11 09:58:00,114.420380769,114.42564195,114.41581446,114.420777839,3823
2021-06-11 09:57:00,114.41581446,114.420777839,114.407674518,114.420777839,15746
2021-06-11 09:56:00,114.41581446,114.41581446,114.405887702,114.410851081,10267
2021-06-11 09:54:00,114.425741218,114.425741218,114.41581446,114.41581446,8083
2021-06-11 09:53:00,114.4346753,114.435667976,114.425741218,114.425741218,2525
2021-06-11 09:52:00,114.430704597,114.435667976,114.425741218,114.425741218,1751
2021-06-11 09:51:00,114.435667976,114.435667976,114.425741218,114.425741218,3169
2021-06-11 09:50:00,114.430704597,114.433285554,114.425741218,114.425741218,1917
2021-06-11 09:49:00,114.420777839,114.435667976,114.420777839,114.425741218,52836
2021-06-11 09:48:00,114.41581446,114.420777839,114.41581446,114.420777839,20125
2021-06-11 09:47:00,114.435667976,114.435667976,114.425741218,114.425741218,13674
2021-06-11 09:46:00,114.430704597,114.430704597,114.430704597,114.430704597,917
2021-06-11 09:45:00,114.430704597,114.435667976,114.424748542,114.425741218,63327
2021-06-11 09:44:00,114.435667976,114.435667976,114.430704597,114.430704597,66271
2021-06-11 09:43:00,114.440631355,114.445594734,114.435667976,114.435667976,21531
2021-06-11 09:42:00,114.445594734,114.455521493,114.435667976,114.445594734,90370
2021-06-11 09:41:00,114.445594734,114.465448251,114.435667976,114.445594734,138066
2021-06-11 09:40:00,114.454826619,114.455521493,114.445594734,114.450558113,1937
2021-06-11 09:39:00,114.450558113,114.450558113,114.450558113,114.450558113,323
2021-06-11 09:38:00,114.445594734,114.455521493,114.445594734,114.450558113,4263
2021-06-11 09:37:00,114.445594734,114.445594734,114.435667976,114.445594734,3742
2021-06-11 09:36:00,114.450558113,114.450558113,114.440631355,114.440631355,10726
2021-06-11 09:35:00,114.460484872,114.465448251,114.455521493,114.455521493,3278
2021-06-11 09:34:00,114.465448251,114.47041163,114.460484872,114.460484872,124137
2021-06-11 09:33:00,114.475375009,114.475375009,114.465448251,114.475375009,9180
2021-06-11 09:32:00,114.475375009,114.475375009,114.465448251,114.475375009,2308
2021-06-11 09:31:00,114.465448251,114.475375009,114.445594734,114.475375009,129298
2021-06-10 16:16:00,114.435667976,114.435667976,114.435667976,114.435667976,243
2021-06-10 16:01:00,114.435667976,114.435667976,114.435667976,114.435667976,5794
2021-06-10 16:00:00,114.430704597,114.465448251,114.425741218,114.455521493,187862
2021-06-10 15:59:00,114.420777839,114.435667976,114.415913727,114.430704597,54121
2021-06-10 15:58:00,114.420777839,114.425741218,114.420777839,114.425741218,24790
2021-06-10 15:57:00,114.410851081,114.425741218,114.410851081,114.420777839,58289
2021-06-10 15:56:00,114.405887702,114.41581446,114.396060211,114.410851081,28954
2021-06-10 15:55:00,114.395960944,114.405887702,114.395960944,114.405887702,40234
2021-06-10 15:54:00,114.404895026,114.405887702,114.397449957,114.405887702,7016
2021-06-10 15:53:00,114.400924323,114.405887702,114.397449957,114.400924323,7956
2021-06-10 15:52:00,114.405887702,114.405887702,114.395960944,114.395960944,4397
2021-06-10 15:51:00,114.395960944,114.405887702,114.387026861,114.405887702,17966
2021-06-10 15:50:00,114.395960944,114.395960944,114.388118805,114.395960944,11199
2021-06-10 15:49:00,114.390997565,114.395960944,114.38792027,114.395960944,10157
2021-06-10 15:48:00,114.390997565,114.395960944,114.388218072,114.394273395,10320
2021-06-10 15:47:00,114.390997565,114.395960944,114.386034185,114.390997565,17513
2021-06-10 15:46:00,114.390997565,114.395960944,114.386034185,114.390997565,6282
2021-06-10 15:45:00,114.389310016,114.395960944,114.386034185,114.392585846,5018
2021-06-10 15:44:00,114.388118805,114.395960944,114.386034185,114.395960944,9891
2021-06-10 15:43:00,114.390997565,114.39447193,114.386034185,114.394372662,8048
2021-06-10 15:42:00,114.390997565,114.395960944,114.390997565,114.390997565,6243
2021-06-10 15:41:00,114.393777057,114.395960944,114.386034185,114.390997565,6953
2021-06-10 15:40:00,114.395960944,114.395960944,114.386034185,114.386034185,9264
2021-06-10 15:39:00,114.386034185,114.39447193,114.386034185,114.3911961,10057
2021-06-10 15:38:00,114.395960944,114.395960944,114.386034185,114.395960944,11199
2021-06-10 15:37:00,114.390997565,114.39407486,114.386034185,114.39407486,9083
2021-06-10 15:36:00,114.386034185,114.390997565,114.386034185,114.390997565,19084
2021-06-10 15:35:00,114.400924323,114.400924323,114.386034185,114.386034185,78487
2021-06-10 15:34:00,114.400924323,114.403703815,114.395960944,114.400924323,7556
2021-06-10 15:33:00,114.396358014,114.405887702,114.395960944,114.400924323,6471
2021-06-10 15:32:00,114.400924323,114.405887702,114.400924323,114.400924323,12051
2021-06-10 15:31:00,114.400924323,114.405887702,114.400030914,114.400030914,3128
2021-06-10 15:30:00,114.395960944,114.400924323,114.386133453,114.400924323,13472
2021-06-10 15:29:00,114.395960944,114.395960944,114.387821002,114.390997565,10514
2021-06-10 15:28:00,114.395960944,114.395960944,114.390997565,114.390997565,9199
2021-06-10 15:27:00,114.390997565,114.395960944,114.386133453,114.390997565,5529
2021-06-10 15:26:00,114.390997565,114.395960944,114.390997565,114.390997565,6638
2021-06-10 15:25:00,114.400924323,114.400924323,114.390997565,114.390997565,15935
2021-06-10 15:24:00,114.396060211,114.405887702,114.395960944,114.395960944,14202
2021-06-10 15:23:00,114.405887702,114.405887702,114.395960944,114.405887702,3684
2021-06-10 15:22:00,114.400924323,114.405887702,114.397449957,114.400924323,5735
2021-06-10 15:21:00,114.401916999,114.401916999,114.395960944,114.396854352,1675
2021-06-10 15:20:00,114.400924323,114.405887702,114.398045563,114.405887702,12857
2021-06-10 15:19:00,114.406681842,114.406681842,114.396953619,114.404398688,12548
2021-06-10 15:18:00,114.41581446,114.420777839,114.405887702,114.405887702,12953
2021-06-10 15:17:00,114.41581446,114.420777839,114.41581446,114.41581446,15107
2021-06-10 15:16:00,114.420777839,114.420777839,114.41581446,114.41581446,1701
2021-06-10 15:15:00,114.41581446,114.423358796,114.41581446,114.417601276,4098
2021-06-10 15:14:00,114.400924323,114.410851081,114.400924323,114.410851081,6703
2021-06-10 15:13:00,114.396159479,114.405887702,114.395960944,114.405887702,10901
2021-06-10 15:12:00,114.386034185,114.395960944,114.386034185,114.395960944,12836
2021-06-10 15:11:00,114.376107427,114.386034185,114.376107427,114.386034185,2339
2021-06-10 15:10:00,114.371144048,114.376107427,114.371144048,114.371144048,2034
2021-06-10 15:09:00,114.371144048,114.376107427,114.366279937,114.371144048,7122
2021-06-10 15:08:00,114.37600816,114.376107427,114.366677007,114.376107427,4434
2021-06-10 15:07:00,114.367669683,114.376107427,114.366180669,114.375114751,11859
2021-06-10 15:06:00,114.376107427,114.381070806,114.366180669,114.372136724,5131
2021-06-10 15:05:00,114.381070806,114.383949566,114.377596441,114.381070806,11743
2021-06-10 15:04:00,114.383949566,114.383949566,114.376107427,114.382659088,3382
2021-06-10 15:03:00,114.381070806,114.381070806,114.376107427,114.381070806,724
2021-06-10 15:02:00,114.383850299,114.386034185,114.37968106,114.37968106,1311
2021-06-10 15:01:00,114.37600816,114.384346637,114.366180669,114.384346637,6449
2021-06-10 15:00:00,114.366180669,114.376107427,114.366180669,114.37600816,4618
2021-06-10 14:59:00,114.365187993,114.376107427,114.36121729,114.371144048,1931
2021-06-10 14:58:00,114.356253911,114.366180669,114.356253911,114.366180669,12365
2021-06-10 14:57:00,114.364691655,114.364691655,114.364691655,114.364691655,1464
2021-06-10 14:56:00,114.356253911,114.356551714,114.356253911,114.356353179,1089
2021-06-10 14:55:00,114.36121729,114.36409605,114.356253911,114.356253911,1033
2021-06-10 14:54:00,114.356253911,114.36121729,114.356253911,114.356253911,6299
2021-06-10 14:53:00,114.351290532,114.354070024,114.351290532,114.351290532,2866
2021-06-10 14:52:00,114.346327153,114.351290532,114.346327153,114.346327153,3188
2021-06-10 14:51:00,114.366180669,114.366180669,114.346327153,114.346327153,3053
2021-06-10 14:50:00,114.356253911,114.366180669,114.351290532,114.356253911,9937
2021-06-10 14:49:00,114.356253911,114.356253911,114.347816167,114.356253911,1484
2021-06-10 14:48:00,114.348113969,114.351290532,114.348113969,114.351290532,827
2021-06-10 14:47:00,114.346327153,114.356253911,114.346327153,114.351290532,12233
2021-06-10 14:46:00,114.337889408,114.346327153,114.337889408,114.341363774,1882
2021-06-10 14:45:00,114.341363774,114.346327153,114.341363774,114.346327153,1658
2021-06-10 14:44:00,114.346327153,114.346327153,114.341363774,114.341363774,336
2021-06-10 14:43:00,114.346327153,114.346327153,114.346327153,114.346327153,437
2021-06-10 14:42:00,114.336400395,114.346327153,114.336400395,114.338584281,10783
2021-06-10 14:41:00,114.335407719,114.335407719,114.331437016,114.331437016,990
2021-06-10 14:40:00,114.341363774,114.345334477,114.331437016,114.331437016,3352
2021-06-10 14:39:00,114.336400395,114.344639604,114.336400395,114.341363774,3998
2021-06-10 14:38:00,114.336400395,114.341363774,114.336400395,114.341363774,670
2021-06-10 14:37:00,114.336400395,114.346327153,114.336400395,114.341363774,2339
2021-06-10 14:36:00,114.336400395,114.346327153,114.336400395,114.341363774,1358
2021-06-10 14:35:00,114.331834086,114.346327153,114.331437016,114.341363774,6487
2021-06-10 14:34:00,114.335705522,114.335705522,114.329948002,114.331437016,2730
2021-06-10 14:33:00,114.331437016,114.335407719,114.327367045,114.327367045,6883
2021-06-10 14:32:00,114.336400395,114.336400395,114.326473637,114.326473637,1880
2021-06-10 14:31:00,114.328657523,114.336400395,114.326473637,114.334216508,1556
2021-06-10 14:30:00,114.330642875,114.331536283,114.330642875,114.331536283,520
2021-06-10 14:29:00,114.326473637,114.331437016,114.326473637,114.331437016,1004
2021-06-10 14:28:00,114.335407719,114.336400395,114.328657523,114.328657523,16851
2021-06-10 14:27:00,114.328657523,114.336400395,114.326473637,114.331437016,8140
2021-06-10 14:26:00,114.335407719,114.335407719,114.332628227,114.332628227,717
2021-06-10 14:25:00,114.336400395,114.336400395,114.326473637,114.326473637,1618
2021-06-10 14:24:00,114.334315775,114.336400395,114.328558256,114.336400395,5093
2021-06-10 14:23:00,114.327466312,114.336400395,114.326473637,114.328458988,4489
2021-06-10 14:22:00,114.326572904,114.326572904,114.326572904,114.326572904,316
2021-06-10 14:21:00,114.331437016,114.334216508,114.326473637,114.326473637,1863
2021-06-10 14:20:00,114.331437016,114.331437016,114.326870707,114.327069242,6217
2021-06-10 14:19:00,114.326473637,114.334613578,114.326473637,114.32796265,2213
2021-06-10 14:18:00,114.331437016,114.331437016,114.331437016,114.331437016,4627
2021-06-10 14:17:00,114.331437016,114.336301127,114.326473637,114.32796265,4946
2021-06-10 14:16:00,114.32796265,114.336301127,114.326473637,114.334216508,14457
2021-06-10 14:15:00,114.326473637,114.331437016,114.326473637,114.326473637,3635
2021-06-10 14:14:00,114.336400395,114.336400395,114.326473637,114.331437016,1247
2021-06-10 14:13:00,114.331437016,114.336400395,114.326473637,114.329451664,7068
2021-06-10 14:12:00,114.326473637,114.331437016,114.326473637,114.326473637,3047
2021-06-10 14:11:00,114.331437016,114.331437016,114.326473637,114.326473637,5074
2021-06-10 14:10:00,114.33084141,114.331437016,114.328458988,114.331437016,2500
2021-06-10 14:09:00,114.326473637,114.336003324,114.326473637,114.331437016,8937
2021-06-10 14:08:00,114.336301127,114.336400395,114.327466312,114.331437016,13102
2021-06-10 14:07:00,114.336400395,114.336400395,114.334812113,114.335904057,2759
2021-06-10 14:06:00,114.325480961,114.335407719,114.321510257,114.334911381,4909
2021-06-10 14:05:00,114.322900004,114.325480961,114.319227103,114.321510257,2194
2021-06-10 14:04:00,114.323197806,114.326473637,114.316646146,114.326374369,2220
2021-06-10 14:03:00,114.324488285,114.326473637,114.316546878,114.326473637,1544
2021-06-10 14:02:00,114.319524906,114.324389017,114.319524906,114.324389017,921
2021-06-10 14:01:00,114.331437016,114.331437016,114.316546878,114.321510257,7644
2021-06-10 14:00:00,114.331437016,114.334812113,114.326473637,114.334812113,7734
2021-06-10 13:59:00,114.326473637,114.331437016,114.326473637,114.326473637,3192
2021-06-10 13:58:00,114.332330424,114.332330424,114.332330424,114.332330424,251
2021-06-10 13:57:00,114.326473637,114.334216508,114.326473637,114.331437016,792
2021-06-10 13:56:00,114.326473637,114.333422367,114.326473637,114.328657523,8862
2021-06-10 13:55:00,114.321510257,114.32428975,114.317539554,114.317539554,6314
2021-06-10 13:54:00,114.321510257,114.321510257,114.316546878,114.319127836,2657
2021-06-10 13:53:00,114.321510257,114.325183158,114.316546878,114.316546878,2719
2021-06-10 13:52:00,114.316546878,114.322205131,114.316546878,114.316546878,2330
2021-06-10 13:51:00,114.321510257,114.321510257,114.316546878,114.316546878,909
2021-06-10 13:50:00,114.321510257,114.326473637,114.316546878,114.326473637,1404
2021-06-10 13:49:00,114.326473637,114.326473637,114.318631498,114.326374369,923
2021-06-10 13:48:00,114.316546878,114.322205131,114.316546878,114.321510257,1579
2021-06-10 13:47:00,114.326473637,114.326473637,114.325480961,114.325480961,490
2021-06-10 13:46:00,114.321510257,114.324488285,114.316546878,114.316546878,1646
2021-06-10 13:45:00,114.326473637,114.326473637,114.321510257,114.321510257,1236
2021-06-10 13:44:00,114.321510257,114.326473637,114.321510257,114.326473637,20997
2021-06-10 13:43:00,114.316546878,114.326473637,114.308208402,114.326473637,10851
2021-06-10 13:42:00,114.314760062,114.316546878,114.308804007,114.311583499,2885
2021-06-10 13:41:00,114.315057865,114.315057865,114.311583499,114.311583499,3363
2021-06-10 13:40:00,114.301656741,114.316546878,114.298182376,114.311583499,19876
2021-06-10 13:39:00,114.301656741,114.304734036,114.301656741,114.301656741,2020
2021-06-10 13:38:00,114.29679263,114.304833304,114.296693362,114.301656741,1765
2021-06-10 13:37:00,114.305627444,114.30662012,114.296693362,114.30662012,22052
2021-06-10 13:36:00,114.301656741,114.301656741,114.298877249,114.301656741,1445
2021-06-10 13:35:00,114.30662012,114.307612796,114.296693362,114.296693362,20324
2021-06-10 13:34:00,114.30662012,114.311583499,114.30662012,114.30662012,3999
2021-06-10 13:33:00,114.308109134,114.308109134,114.30662012,114.30662012,434
2021-06-10 13:32:00,114.314958597,114.314958597,114.30662012,114.314760062,2146
2021-06-10 13:31:00,114.301656741,114.311583499,114.301656741,114.311583499,6296
2021-06-10 13:30:00,114.30662012,114.30662012,114.296693362,114.298182376,3238
2021-06-10 13:29:00,114.30662012,114.30662012,114.298877249,114.298877249,689
2021-06-10 13:28:00,114.301656741,114.306520853,114.301656741,114.306520853,1449
2021-06-10 13:27:00,114.296693362,114.301656741,114.296693362,114.301656741,3563
2021-06-10 13:26:00,114.301656741,114.301656741,114.301160403,114.301656741,1220
2021-06-10 13:25:00,114.30662012,114.30662012,114.301656741,114.301656741,4421
2021-06-10 13:24:00,114.306520853,114.306520853,114.296693362,114.301656741,2439
2021-06-10 13:23:00,114.305627444,114.30662012,114.296693362,114.302847952,1740
2021-06-10 13:22:00,114.30662012,114.30662012,114.296693362,114.296693362,11951
2021-06-10 13:21:00,114.296693362,114.311583499,114.296693362,114.311583499,1142
2021-06-10 13:20:00,114.30662012,114.30662012,114.298579446,114.301656741,1676
2021-06-10 13:19:00,114.30662012,114.312278372,114.30662012,114.30662012,8085
2021-06-10 13:18:00,114.301656741,114.30662012,114.301656741,114.30662012,2456
2021-06-10 13:17:00,114.30662012,114.30662012,114.299572122,114.301656741,923
2021-06-10 13:16:00,114.32101392,114.321510257,114.30662012,114.30662012,18352
2021-06-10 13:15:00,114.316546878,114.316546878,114.311583499,114.316546878,15403
2021-06-10 13:14:00,114.30662012,114.311583499,114.30662012,114.311583499,1498
2021-06-10 13:13:00,114.304634769,114.30662012,114.300664065,114.302252347,8472
2021-06-10 13:12:00,114.301656741,114.311583499,114.296693362,114.296693362,4468
2021-06-10 13:11:00,114.301656741,114.301656741,114.296693362,114.296693362,795
2021-06-10 13:10:00,114.296693362,114.30662012,114.296693362,114.296693362,934
2021-06-10 13:09:00,114.301656741,114.30662012,114.296693362,114.30662012,3347
2021-06-10 13:08:00,114.286766604,114.296693362,114.281803225,114.296693362,3107
2021-06-10 13:07:00,114.271876467,114.295700686,114.271876467,114.286766604,4879
2021-06-10 13:06:00,114.276839846,114.28527759,114.271876467,114.276839846,4816
2021-06-10 13:05:00,114.276839846,114.276839846,114.266913088,114.266913088,14057
2021-06-10 13:04:00,114.286766604,114.291729983,114.266913088,114.267012355,3587
2021-06-10 13:03:00,114.266913088,114.296693362,114.266913088,114.286766604,47596
2021-06-10 13:02:00,114.316546878,114.331437016,114.266913088,114.271876467,93932
2021-06-10 13:01:00,114.316546878,114.316546878,114.311583499,114.316546878,7620
2021-06-10 13:00:00,114.30662012,114.316546878,114.30662012,114.312576175,25252
2021-06-10 12:59:00,114.314362992,114.315951273,114.306719388,114.315951273,6690
2021-06-10 12:58:00,114.316546878,114.321510257,114.30662012,114.30662012,1678
2021-06-10 12:57:00,114.316546878,114.316546878,114.316546878,114.316546878,746
2021-06-10 12:56:00,114.326473637,114.326473637,114.316546878,114.316546878,4513
2021-06-10 12:55:00,114.336400395,114.336400395,114.326473637,114.326473637,13148
2021-06-10 12:54:00,114.326076566,114.336400395,114.326076566,114.336400395,3103
2021-06-10 12:53:00,114.344838139,114.344838139,114.316546878,114.321510257,40815
2021-06-10 12:52:00,114.341363774,114.341363774,114.341363774,114.341363774,1003
2021-06-10 12:51:00,114.331437016,114.344441069,114.326473637,114.344441069,4761
2021-06-10 12:50:00,114.316546878,114.326473637,114.316546878,114.326473637,2235
2021-06-10 12:49:00,114.316546878,114.324488285,114.316546878,114.324488285,7547
2021-06-10 12:48:00,114.311583499,114.315554203,114.311583499,114.311583499,545
2021-06-10 12:47:00,114.311583499,114.316447611,114.309002542,114.311583499,2269
2021-06-10 12:46:00,114.311583499,114.316546878,114.30662012,114.30662012,4031
2021-06-10 12:45:00,114.315554203,114.315554203,114.315554203,114.315554203,370
2021-06-10 12:44:00,114.311583499,114.311583499,114.308109134,114.311583499,1807
2021-06-10 12:43:00,114.30662012,114.316447611,114.30662012,114.316447611,861
2021-06-10 12:42:00,114.316546878,114.316546878,114.315554203,114.315554203,4089
2021-06-10 12:41:00,114.316546878,114.316546878,114.311583499,114.316546878,1900
2021-06-10 12:40:00,114.316546878,114.316546878,114.310590824,114.310590824,4068
2021-06-10 12:39:00,114.311186429,114.316546878,114.30662012,114.316546878,7837
2021-06-10 12:38:00,114.311583499,114.316447611,114.30662012,114.30662012,1765
2021-06-10 12:37:00,114.316546878,114.316546878,114.30662012,114.30662012,3109
2021-06-10 12:36:00,114.301656741,114.316546878,114.298877249,114.315554203,5580
2021-06-10 12:35:00,114.301160403,114.30662012,114.296693362,114.304833304,2937
2021-06-10 12:34:00,114.301656741,114.30662012,114.296693362,114.298182376,7928
2021-06-10 12:32:00,114.304535501,114.30662012,114.301656741,114.304833304,12398
2021-06-10 12:31:00,114.301656741,114.306520853,114.296693362,114.296693362,1022
2021-06-10 12:30:00,114.296693362,114.305031839,114.296693362,114.298182376,4587
2021-06-10 12:29:00,114.296693362,114.306520853,114.296693362,114.306520853,861
2021-06-10 12:28:00,114.30662012,114.30662012,114.296693362,114.29758677,2023
2021-06-10 12:27:00,114.296693362,114.30662012,114.296693362,114.30662012,1711
2021-06-10 12:26:00,114.311583499,114.314760062,114.30662012,114.306719388,3363
2021-06-10 12:25:00,114.30662012,114.316546878,114.30662012,114.311583499,5909
2021-06-10 12:24:00,114.298877249,114.305627444,114.298877249,114.302748685,2248
2021-06-10 12:23:00,114.314362992,114.315554203,114.301656741,114.303642093,1831
2021-06-10 12:22:00,114.323197806,114.324984623,114.311583499,114.311583499,823
2021-06-10 12:21:00,114.326473637,114.332429691,114.318035892,114.326374369,9768
2021-06-10 12:20:00,114.325480961,114.325480961,114.316546878,114.321510257,2195
2021-06-10 12:19:00,114.316546878,114.316546878,114.311583499,114.316546878,2646
2021-06-10 12:18:00,114.315554203,114.316546878,114.30662012,114.316546878,10583
2021-06-10 12:17:00,114.321510257,114.326473637,114.308406937,114.316546878,8413
2021-06-10 12:16:00,114.316546878,114.326473637,114.316546878,114.321510257,2584
2021-06-10 12:15:00,114.321510257,114.326473637,114.316546878,114.317341019,2891
2021-06-10 12:14:00,114.316546878,114.326374369,114.316546878,114.316546878,2240
2021-06-10 12:13:00,114.326473637,114.336400395,114.326473637,114.336400395,7667
2021-06-10 12:12:00,114.316546878,114.322205131,114.316546878,114.316943949,970
2021-06-10 12:11:00,114.30662012,114.311583499,114.30662012,114.311583499,4159
2021-06-10 12:10:00,114.304833304,114.30662012,114.304833304,114.30662012,4257
2021-06-10 12:09:00,114.296693362,114.30662012,114.286766604,114.301656741,7943
2021-06-10 12:08:00,114.301656741,114.301656741,114.291729983,114.291729983,10380
2021-06-10 12:07:00,114.316546878,114.316546878,114.30662012,114.30662012,19371
2021-06-10 12:06:00,114.301656741,114.320716117,114.296693362,114.320716117,25540
2021-06-10 12:05:00,114.30662012,114.30662012,114.296693362,114.296693362,112851
2021-06-10 12:04:00,114.291729983,114.30662012,114.288950491,114.301656741,47595
2021-06-10 12:03:00,114.294509475,114.296693362,114.288751956,114.291729983,25427
2021-06-10 12:02:00,114.295204348,114.295204348,114.287560745,114.291729983,1732
2021-06-10 12:01:00,114.290737307,114.296693362,114.28775928,114.291729983,8093
2021-06-10 12:00:00,114.299373587,114.299373587,114.291729983,114.295204348,6695
2021-06-10 11:59:00,114.291729983,114.301656741,114.291729983,114.301656741,11891
2021-06-10 11:58:00,114.286766604,114.296693362,114.286766604,114.288751956,34497
2021-06-10 11:57:00,114.291729983,114.295105081,114.279023733,114.281803225,7075
2021-06-10 11:56:00,114.288255618,114.296693362,114.288255618,114.291729983,2212
2021-06-10 11:55:00,114.286766604,114.291729983,114.286766604,114.291729983,5097
2021-06-10 11:54:00,114.276839846,114.286766604,114.276839846,114.286766604,20322
2021-06-10 11:53:00,114.276839846,114.286766604,114.276839846,114.279023733,2470
2021-06-10 11:52:00,114.281803225,114.281803225,114.281803225,114.281803225,355
2021-06-10 11:51:00,114.286667336,114.286766604,114.276839846,114.276839846,6932
2021-06-10 11:50:00,114.281803225,114.286766604,114.276839846,114.281803225,5563
2021-06-10 11:49:00,114.281803225,114.281803225,114.279420803,114.281803225,1501
2021-06-10 11:48:00,114.268402101,114.276839846,114.266913088,114.276740578,2684
2021-06-10 11:47:00,114.271876467,114.276839846,114.266913088,114.267012355,4380
2021-06-10 11:46:00,114.271876467,114.276839846,114.266913088,114.276839846,2753
2021-06-10 11:45:00,114.266913088,114.276839846,114.237132813,114.271876467,92927
2021-06-10 11:44:00,114.266913088,114.275053029,114.266913088,114.271876467,3256
2021-06-10 11:43:00,114.266913088,114.276839846,114.266913088,114.276839846,1209
2021-06-10 11:42:00,114.266913088,114.266913088,114.258971681,114.264034328,3441
2021-06-10 11:41:00,114.271876467,114.276839846,114.266913088,114.266913088,3866
2021-06-10 11:40:00,114.276839846,114.276839846,114.266913088,114.271876467,7706
2021-06-10 11:39:00,114.266913088,114.275251564,114.266913088,114.266913088,23617
2021-06-10 11:38:00,114.276839846,114.276839846,114.266913088,114.266913088,14963
2021-06-10 11:37:00,114.276839846,114.276839846,114.266913088,114.271876467,7681
2021-06-10 11:36:00,114.266913088,114.276839846,114.261949709,114.276839846,6032
2021-06-10 11:35:00,114.261949709,114.264431398,114.261949709,114.26353799,2807
2021-06-10 11:34:00,114.261949709,114.266913088,114.256986329,114.266913088,1335
2021-06-10 11:33:00,114.265920412,114.265920412,114.256986329,114.256986329,3988
2021-06-10 11:32:00,114.249243458,114.266913088,114.247059571,114.256986329,6152
2021-06-10 11:31:00,114.257085597,114.261949709,114.255100245,114.256887062,2462
2021-06-10 11:30:00,114.265126271,114.265126271,114.258475343,114.259170216,2037
2021-06-10 11:29:00,114.2610563,114.264729201,114.2610563,114.264729201,655
2021-06-10 11:28:00,114.256986329,114.26681382,114.256986329,114.256986329,3546
2021-06-10 11:27:00,114.266913088,114.266913088,114.256986329,114.266913088,2654
2021-06-10 11:26:00,114.274655959,114.274655959,114.266913088,114.266913088,1154
2021-06-10 11:25:00,114.256986329,114.270387453,114.256986329,114.268600637,14149
2021-06-10 11:24:00,114.256986329,114.256986329,114.25202295,114.25202295,1992
2021-06-10 11:23:00,114.253412697,114.256986329,114.252618556,114.252618556,621
2021-06-10 11:22:00,114.247059571,114.256986329,114.242096192,114.255993654,7274
2021-06-10 11:21:00,114.240011573,114.242096192,114.240011573,114.242096192,2373
2021-06-10 11:20:00,114.242096192,114.246960304,114.238125489,114.238125489,1151
2021-06-10 11:19:00,114.238621827,114.247059571,114.237132813,114.237132813,25305
2021-06-10 11:18:00,114.245173487,114.245173487,114.237132813,114.237132813,3370
2021-06-10 11:17:00,114.240904981,114.247059571,114.237132813,114.242096192,6988
2021-06-10 11:16:00,114.237132813,114.244180811,114.237132813,114.242096192,1057
2021-06-10 11:15:00,114.238324024,114.246960304,114.238324024,114.246960304,2298
2021-06-10 11:14:00,114.24259253,114.24259253,114.237132813,114.242393995,5435
2021-06-10 11:13:00,114.237132813,114.247059571,114.237132813,114.237132813,2680
2021-06-10 11:12:00,114.242096192,114.244875685,114.237132813,114.242096192,931
2021-06-10 11:11:00,114.245570558,114.245570558,114.237132813,114.238324024,15571
2021-06-10 11:10:00,114.237132813,114.247059571,114.232169434,114.237132813,5678
2021-06-10 11:09:00,114.227305323,114.237132813,114.227305323,114.237132813,881
2021-06-10 11:08:00,114.219165381,114.237132813,114.217775635,114.237132813,1286
2021-06-10 11:07:00,114.219463184,114.227206055,114.219463184,114.227206055,933
2021-06-10 11:06:00,114.197425781,114.217279297,114.197425781,114.217279297,14052
2021-06-10 11:05:00,114.192462401,114.197425781,114.192462401,114.192462401,946
2021-06-10 11:04:00,114.192462401,114.197425781,114.192462401,114.192462401,5013
2021-06-10 11:03:00,114.187499022,114.197425781,114.187499022,114.189682909,9294
2021-06-10 11:02:00,114.187499022,114.187499022,114.182535643,114.186506347,1414
2021-06-10 11:01:00,114.187499022,114.187499022,114.180550292,114.182535643,8302
2021-06-10 11:00:00,114.186506347,114.187499022,114.180053954,114.187499022,1561
2021-06-10 10:59:00,114.177572264,114.187499022,114.177572264,114.187499022,6206
2021-06-10 10:58:00,114.182535643,114.182535643,114.179756151,114.182535643,3528
2021-06-10 10:57:00,114.187399755,114.187499022,114.177671532,114.187499022,12955
2021-06-10 10:56:00,114.197425781,114.197425781,114.187499022,114.187499022,10211
2021-06-10 10:55:00,114.198914794,114.20645913,114.197425781,114.205863525,4796
2021-06-10 10:54:00,114.197425781,114.204970117,114.192462401,114.20238916,2943
2021-06-10 10:53:00,114.187499022,114.197425781,114.187499022,114.197425781,8882
2021-06-10 10:52:00,114.187499022,114.191966064,114.186506347,114.186506347,2930
2021-06-10 10:51:00,114.195440429,114.197425781,114.192462401,114.197425781,752
2021-06-10 10:50:00,114.205863525,114.205863525,114.19047705,114.19047705,7277
2021-06-10 10:49:00,114.204374511,114.207253271,114.201297216,114.207253271,989
2021-06-10 10:48:00,114.20238916,114.207352539,114.199609667,114.207352539,7328
2021-06-10 10:47:00,114.205168652,114.207253271,114.197425781,114.197425781,5066
2021-06-10 10:46:00,114.217279297,114.217279297,114.197425781,114.20238916,9649
2021-06-10 10:45:00,114.217279297,114.226213379,114.217279297,114.218768311,1547
2021-06-10 10:44:00,114.207352539,114.217279297,114.207352539,114.217279297,1825
2021-06-10 10:43:00,114.215293945,114.217279297,114.207352539,114.207352539,3089
2021-06-10 10:42:00,114.217279297,114.217279297,114.21469834,114.217279297,1409
2021-06-10 10:41:00,114.209536426,114.217279297,114.199609667,114.217279297,5516
2021-06-10 10:40:00,114.227206055,114.227206055,114.207352539,114.207352539,8085
2021-06-10 10:39:00,114.232169434,114.234948926,114.227206055,114.227206055,929
2021-06-10 10:38:00,114.227206055,114.235643799,114.227206055,114.234154786,3380
2021-06-10 10:37:00,114.227106787,114.232169434,114.227106787,114.232169434,6427
2021-06-10 10:36:00,114.232169434,114.237132813,114.217279297,114.217279297,18272
2021-06-10 10:35:00,114.247059571,114.247059571,114.237132813,114.237132813,2342
2021-06-10 10:33:00,114.247059571,114.247059571,114.243088868,114.246960304,1710
2021-06-10 10:32:00,114.227206055,114.25202295,114.227206055,114.25202295,9264
2021-06-10 10:31:00,114.217279297,114.227206055,114.217279297,114.227206055,18998
2021-06-10 10:30:00,114.217279297,114.227206055,114.217279297,114.226213379,3045
2021-06-10 10:29:00,114.222242676,114.222242676,114.207352539,114.217279297,13856
2021-06-10 10:28:00,114.222242676,114.227206055,114.219066113,114.226411914,2648
2021-06-10 10:27:00,114.232169434,114.237132813,114.217279297,114.223235352,5535
2021-06-10 10:26:00,114.232169434,114.237132813,114.232169434,114.237132813,4449
2021-06-10 10:25:00,114.23604087,114.237132813,114.232169434,114.232169434,13826
2021-06-10 10:24:00,114.227206055,114.237132813,114.227206055,114.227206055,6376
2021-06-10 10:23:00,114.217279297,114.217279297,114.212315918,114.217279297,2900
2021-06-10 10:22:00,114.207352539,114.217279297,114.207352539,114.212315918,3859
2021-06-10 10:21:00,114.226213379,114.227206055,114.207352539,114.207352539,6120
2021-06-10 10:20:00,114.227206055,114.227206055,114.222242676,114.227206055,1849
2021-06-10 10:19:00,114.227206055,114.227206055,114.217378564,114.217378564,7998
2021-06-10 10:18:00,114.227206055,114.237033546,114.218768311,114.227206055,3353
2021-06-10 10:17:00,114.227206055,114.227305323,114.218271973,114.227305323,15220
2021-06-10 10:16:00,114.207352539,114.227206055,114.207352539,114.227206055,8380
2021-06-10 10:15:00,114.197326513,114.207352539,114.197326513,114.198914794,13138
2021-06-10 10:14:00,114.197425781,114.20238916,114.197425781,114.197425781,2252
2021-06-10 10:13:00,114.187499022,114.20238916,114.187499022,114.20238916,9731
2021-06-10 10:12:00,114.197425781,114.197425781,114.179061278,114.179061278,22762
2021-06-10 10:11:00,114.18759829,114.192462401,114.187499022,114.192462401,3749
2021-06-10 10:10:00,114.207352539,114.207352539,114.197425781,114.197425781,12353
2021-06-10 10:09:00,114.212315918,114.212315918,114.207451806,114.207451806,2411
2021-06-10 10:08:00,114.227206055,114.227206055,114.207352539,114.207352539,33853
2021-06-10 10:07:00,114.222242676,114.227206055,114.222242676,114.222242676,15080
2021-06-10 10:06:00,114.227206055,114.227206055,114.217279297,114.217279297,72112
2021-06-10 10:05:00,114.232169434,114.232169434,114.221448535,114.221448535,4379
2021-06-10 10:04:00,114.217279297,114.235842335,114.212315918,114.232169434,8080
2021-06-10 10:03:00,114.217279297,114.217279297,114.217279297,114.217279297,455
2021-06-10 10:02:00,114.207352539,114.217279297,114.20238916,114.217279297,11149
2021-06-10 10:01:00,114.207352539,114.207352539,114.207253271,114.207352539,884
2021-06-10 10:00:00,114.216286621,114.227206055,114.197425781,114.197425781,8302
2021-06-10 09:59:00,114.207352539,114.225717041,114.207352539,114.217279297,13695
2021-06-10 09:58:00,114.218669043,114.222242676,114.20238916,114.20238916,8045
2021-06-10 09:57:00,114.229290674,114.237132813,114.217279297,114.217279297,1336
2021-06-10 09:56:00,114.237132813,114.243982276,114.232169434,114.237132813,3654
2021-06-10 09:55:00,114.227206055,114.237132813,114.222242676,114.237132813,9075
2021-06-10 09:54:00,114.217279297,114.227206055,114.217279297,114.227206055,6440
2021-06-10 09:53:00,114.217279297,114.217279297,114.207253271,114.207352539,8819
2021-06-10 09:52:00,114.187499022,114.207352539,114.187499022,114.207352539,18386
2021-06-10 09:51:00,114.182535643,114.182535643,114.177572264,114.177671532,2308
2021-06-10 09:50:00,114.177572264,114.187499022,114.177572264,114.187499022,10714
2021-06-10 09:49:00,114.197425781,114.197425781,114.177572264,114.177572264,5694
2021-06-10 09:48:00,114.195241894,114.197425781,114.182535643,114.197425781,28637
2021-06-10 09:47:00,114.167645506,114.192462401,114.167645506,114.19047705,17076
2021-06-10 09:46:00,114.157718748,114.167645506,114.157718748,114.167645506,17159
2021-06-10 09:45:00,114.157718748,114.167645506,114.157718748,114.159604832,62768
2021-06-10 09:44:00,114.137865232,114.157718748,114.137865232,114.157718748,140968
2021-06-10 09:43:00,114.127938474,114.137865232,114.127938474,114.137865232,15444
2021-06-10 09:42:00,114.118011715,114.127938474,114.118011715,114.127938474,34046
2021-06-10 09:41:00,114.118011715,114.122975094,114.118011715,114.118011715,8809
2021-06-10 09:40:00,114.118011715,114.127839206,114.118011715,114.118011715,5977
2021-06-10 09:39:00,114.098158199,114.118011715,114.098158199,114.118011715,5572
2021-06-10 09:38:00,114.098158199,114.108084957,114.098158199,114.103121578,12145
2021-06-10 09:37:00,114.078304683,114.098158199,114.073341304,114.095180172,10377
2021-06-10 09:36:00,114.073341304,114.078304683,114.068377925,114.073341304,7126
2021-06-10 09:35:00,114.033634271,114.068377925,114.033634271,114.068377925,37667
2021-06-10 09:34:00,114.023707513,114.038399115,114.023707513,114.033634271,23890
2021-06-10 09:33:00,114.023707513,114.03859765,114.023707513,114.028670892,61416
2021-06-10 09:32:00,114.048524408,114.048524408,114.019240472,114.023707513,6222
2021-06-10 09:31:00,114.455521493,114.455521493,114.03859765,114.058451166,133383
2021-06-09 16:01:00,114.197425781,114.197425781,114.197425781,114.197425781,15000
2021-06-09 16:00:00,114.207352539,114.207352539,114.197425781,114.207352539,46819
2021-06-09 15:59:00,114.20238916,114.207352539,114.197425781,114.20238916,15733
2021-06-09 15:58:00,114.20238916,114.207352539,114.197425781,114.20238916,12208
2021-06-09 15:57:00,114.20238916,114.207352539,114.197425781,114.207352539,8219
2021-06-09 15:56:00,114.20238916,114.205168652,114.197425781,114.20238916,6307
2021-06-09 15:55:00,114.20238916,114.207352539,114.197525048,114.20238916,2946
2021-06-09 15:54:00,114.20238916,114.203381835,114.199609667,114.20238916,2041
2021-06-09 15:53:00,114.20238916,114.207352539,114.200403808,114.20238916,3588
2021-06-09 15:52:00,114.20238916,114.207352539,114.198914794,114.20238916,7755
2021-06-09 15:51:00,114.20238916,114.207352539,114.197425781,114.20238916,28073
2021-06-09 15:50:00,114.20238916,114.205168652,114.197425781,114.199609667,10233
2021-06-09 15:49:00,114.20238916,114.207352539,114.197425781,114.203580371,18856
2021-06-09 15:48:00,114.20238916,114.207352539,114.197425781,114.207352539,9234
2021-06-09 15:47:00,114.20238916,114.207352539,114.197425781,114.20238916,6854
2021-06-09 15:46:00,114.206558398,114.207352539,114.197425781,114.20238916,5395
2021-06-09 15:45:00,114.20238916,114.207352539,114.19990747,114.20238916,5219
2021-06-09 15:44:00,114.207253271,114.207253271,114.198914794,114.20238916,8721
2021-06-09 15:43:00,114.20238916,114.207352539,114.197425781,114.20238916,2884
2021-06-09 15:42:00,114.20238916,114.207352539,114.20238916,114.207352539,2378
2021-06-09 15:41:00,114.207352539,114.207352539,114.20238916,114.20238916,986
2021-06-09 15:40:00,114.20238916,114.207352539,114.197425781,114.197425781,6850
2021-06-09 15:39:00,114.20238916,114.207352539,114.197525048,114.20238916,6393
2021-06-09 15:38:00,114.206359863,114.207352539,114.20238916,114.20238916,1776
2021-06-09 15:37:00,114.20526792,114.207352539,114.197425781,114.207253271,22659
2021-06-09 15:36:00,114.20238916,114.205764257,114.20238916,114.20238916,1029
2021-06-09 15:35:00,114.20238916,114.207352539,114.199311865,114.20238916,5271
2021-06-09 15:34:00,114.20238916,114.204374511,114.199113329,114.199113329,2362
2021-06-09 15:33:00,114.192462401,114.207352539,114.187499022,114.20238916,17407
2021-06-09 15:32:00,114.188988036,114.197425781,114.188988036,114.19335581,3838
2021-06-09 15:31:00,114.192462401,114.197425781,114.187499022,114.187499022,3148
2021-06-09 15:30:00,114.195638964,114.197425781,114.187499022,114.187499022,5275
2021-06-09 15:29:00,114.192462401,114.197425781,114.191767528,114.192462401,4790
2021-06-09 15:28:00,114.192462401,114.197425781,114.192462401,114.192462401,2861
2021-06-09 15:27:00,114.197425781,114.197425781,114.192462401,114.192462401,797
2021-06-09 15:26:00,114.192462401,114.197425781,114.192462401,114.192462401,3113
2021-06-09 15:25:00,114.189186571,114.197425781,114.187499022,114.192462401,2513
2021-06-09 15:24:00,114.195936767,114.197425781,114.189087304,114.197425781,4240
2021-06-09 15:23:00,114.195638964,114.197425781,114.187499022,114.192462401,4818
2021-06-09 15:22:00,114.192462401,114.197425781,114.187499022,114.192462401,5858
2021-06-09 15:21:00,114.189087304,114.193653612,114.187499022,114.192462401,2514
2021-06-09 15:20:00,114.197326513,114.197425781,114.187499022,114.197425781,7720
2021-06-09 15:19:00,114.20238916,114.20238916,114.187896093,114.191370458,21075
2021-06-09 15:18:00,114.20238916,114.203481103,114.197425781,114.197425781,20468
2021-06-09 15:17:00,114.199609667,114.207352539,114.197425781,114.20238916,14621
2021-06-09 15:16:00,114.207352539,114.207352539,114.199411132,114.199609667,4414
2021-06-09 15:15:00,114.20238916,114.207352539,114.20238916,114.207352539,5620
2021-06-09 15:14:00,114.20238916,114.207352539,114.201694287,114.207253271,18457
2021-06-09 15:13:00,114.225022168,114.227106787,114.20238916,114.20238916,11311
2021-06-09 15:12:00,114.222242676,114.227206055,114.217279297,114.222242676,11850
2021-06-09 15:11:00,114.227206055,114.227206055,114.217279297,114.227206055,1838
2021-06-09 15:10:00,114.222242676,114.227206055,114.2175771,114.223433887,9446
2021-06-09 15:09:00,114.22452583,114.22452583,114.219264649,114.219463184,14141
2021-06-09 15:08:00,114.227206055,114.227206055,114.217279297,114.226213379,4210
2021-06-09 15:07:00,114.227206055,114.227206055,114.218073438,114.222242676,1552
2021-06-09 15:06:00,114.217279297,114.227206055,114.217279297,114.222242676,15450
2021-06-09 15:05:00,114.222242676,114.227206055,114.217279297,114.222242676,3433
2021-06-09 15:04:00,114.212315918,114.217279297,114.209437158,114.217279297,10324
2021-06-09 15:03:00,114.215194678,114.217279297,114.212315918,114.212315918,3904
2021-06-09 15:02:00,114.216286621,114.217279297,114.212315918,114.21509541,3136
2021-06-09 15:01:00,114.210330566,114.216286621,114.20933789,114.216286621,1828
2021-06-09 15:00:00,114.212315918,114.212315918,114.207352539,114.207352539,833
2021-06-09 14:59:00,114.207352539,114.217279297,114.207352539,114.209536426,26775
2021-06-09 14:58:00,114.20238916,114.207352539,114.197425781,114.20238916,6192
2021-06-09 14:57:00,114.202984765,114.207352539,114.20238916,114.207352539,10763
2021-06-09 14:56:00,114.212315918,114.212315918,114.203481103,114.203481103,1432
2021-06-09 14:55:00,114.212315918,114.212315918,114.212315918,114.212315918,726
2021-06-09 14:54:00,114.207352539,114.215790283,114.207352539,114.212315918,15096
2021-06-09 14:53:00,114.207352539,114.212315918,114.207352539,114.207352539,14380
2021-06-09 14:52:00,114.210727636,114.215194678,114.207352539,114.211124707,26995
2021-06-09 14:51:00,114.212315918,114.217180029,114.207352539,114.207352539,31060
2021-06-09 14:50:00,114.216286621,114.216286621,114.212315918,114.21509541,560
2021-06-09 14:49:00,114.212315918,114.217279297,114.207352539,114.208841552,3518
2021-06-09 14:48:00,114.212315918,114.212315918,114.210231299,114.212315918,1741
2021-06-09 14:47:00,114.222242676,114.225022168,114.209238623,114.217180029,6497
2021-06-09 14:46:00,114.227206055,114.227206055,114.226213379,114.226213379,978
2021-06-09 14:45:00,114.219264649,114.226213379,114.219264649,114.226213379,726
2021-06-09 14:44:00,114.222242676,114.227206055,114.217279297,114.219463184,2719
2021-06-09 14:43:00,114.222242676,114.227206055,114.222242676,114.225419239,1802
2021-06-09 14:42:00,114.227206055,114.227206055,114.217378564,114.221150733,15959
2021-06-09 14:41:00,114.212315918,114.217279297,114.207352539,114.217279297,1502
2021-06-09 14:40:00,114.217279297,114.217279297,114.207451806,114.212315918,1553
2021-06-09 14:39:00,114.212315918,114.217279297,114.208345215,114.209040088,4945
2021-06-09 14:38:00,114.209437158,114.217279297,114.209437158,114.217279297,554
2021-06-09 14:37:00,114.219661719,114.222242676,114.212117383,114.212315918,11285
2021-06-09 14:36:00,114.220257324,114.227206055,114.217279297,114.222242676,3788
2021-06-09 14:35:00,114.222242676,114.227206055,114.222242676,114.227206055,782
2021-06-09 14:34:00,114.227206055,114.227206055,114.221944873,114.227206055,4954
2021-06-09 14:33:00,114.222242676,114.227206055,114.222242676,114.224922901,9371
2021-06-09 14:32:00,114.227206055,114.227206055,114.217279297,114.223830957,1818
2021-06-09 14:31:00,114.225022168,114.227206055,114.219363916,114.219363916,2454
2021-06-09 14:30:00,114.220257324,114.222242676,114.218073438,114.218073438,67593
2021-06-09 14:29:00,114.218669043,114.227206055,114.218669043,114.225022168,2991
2021-06-09 14:28:00,114.227106787,114.227106787,114.21837124,114.222242676,1461
2021-06-09 14:27:00,114.217279297,114.222242676,114.217279297,114.218569775,1192
2021-06-09 14:26:00,114.217279297,114.222242676,114.217279297,114.222242676,5660
2021-06-09 14:25:00,114.227106787,114.227206055,114.217279297,114.222242676,1338
2021-06-09 14:24:00,114.217279297,114.227206055,114.209536426,114.227206055,46800
2021-06-09 14:23:00,114.212315918,114.215691016,114.207352539,114.212315918,4238
2021-06-09 14:22:00,114.217279297,114.217279297,114.208841552,114.216286621,4877
2021-06-09 14:21:00,114.207352539,114.216286621,114.20238916,114.212315918,6523
2021-06-09 14:20:00,114.207253271,114.207253271,114.199609667,114.206359863,7080
2021-06-09 14:19:00,114.20238916,114.207352539,114.199411132,114.206359863,1062
2021-06-09 14:18:00,114.207352539,114.207352539,114.207352539,114.207352539,904
2021-06-09 14:17:00,114.207253271,114.207253271,114.20238916,114.20238916,1531
2021-06-09 14:16:00,114.207352539,114.207352539,114.198219921,114.20238916,6579
2021-06-09 14:15:00,114.207352539,114.207352539,114.198418456,114.205168652,8112
2021-06-09 14:14:00,114.197922118,114.206359863,114.197922118,114.205565722,11249
2021-06-09 14:13:00,114.20238916,114.207352539,114.197425781,114.20238916,4036
2021-06-09 14:12:00,114.20238916,114.207352539,114.198418456,114.20238916,9513
2021-06-09 14:11:00,114.212315918,114.212315918,114.207352539,114.207352539,1664
2021-06-09 14:10:00,114.225419239,114.225419239,114.208345215,114.216286621,6216
2021-06-09 14:09:00,114.217279297,114.227206055,114.217279297,114.219165381,9841
2021-06-09 14:08:00,114.227106787,114.227206055,114.218271973,114.227206055,1703
2021-06-09 14:07:00,114.222242676,114.227206055,114.222242676,114.222242676,13773
2021-06-09 14:06:00,114.217279297,114.227206055,114.217279297,114.225518506,29928
2021-06-09 14:05:00,114.217279297,114.217279297,114.208841552,114.217279297,7342
2021-06-09 14:04:00,114.217279297,114.217279297,114.20854375,114.217279297,7754
2021-06-09 14:03:00,114.214003467,114.217279297,114.214003467,114.217279297,1046
2021-06-09 14:02:00,114.217279297,114.217279297,114.212315918,114.217279297,3748
2021-06-09 14:01:00,114.217279297,114.217279297,114.207352539,114.217279297,43650
2021-06-09 14:00:00,114.217279297,114.217279297,114.213010791,114.217279297,2267
2021-06-09 13:59:00,114.217279297,114.217279297,114.207352539,114.216286621,2317
2021-06-09 13:58:00,114.20238916,114.212315918,114.20238916,114.207352539,14088
2021-06-09 13:57:00,114.197425781,114.206955468,114.197425781,114.20238916,4085
2021-06-09 13:56:00,114.192462401,114.197425781,114.187499022,114.197425781,5289
2021-06-09 13:55:00,114.197425781,114.197425781,114.192462401,114.192462401,2528
2021-06-09 13:54:00,114.192462401,114.192462401,114.187499022,114.191966064,1508
2021-06-09 13:53:00,114.195440429,114.197425781,114.19047705,114.19047705,1822
2021-06-09 13:52:00,114.192462401,114.192462401,114.188491698,114.188988036,2098
2021-06-09 13:51:00,114.192462401,114.195241894,114.192462401,114.192462401,704
2021-06-09 13:50:00,114.190278515,114.197425781,114.188193895,114.188491698,4230
2021-06-09 13:49:00,114.196135302,114.196433105,114.187499022,114.187499022,4472
2021-06-09 13:48:00,114.195638964,114.197227245,114.187499022,114.187499022,2364
2021-06-09 13:47:00,114.20238916,114.206359863,114.20238916,114.206359863,7685
2021-06-09 13:46:00,114.189087304,114.197425781,114.189087304,114.197425781,7838
2021-06-09 13:45:00,114.192958739,114.197425781,114.18759829,114.197425781,30171
2021-06-09 13:44:00,114.19335581,114.197425781,114.19335581,114.197425781,1824
2021-06-09 13:43:00,114.196830175,114.197425781,114.195936767,114.195936767,1615
2021-06-09 13:42:00,114.197425781,114.197425781,114.18799536,114.18799536,613
2021-06-09 13:41:00,114.179756151,114.195241894,114.179756151,114.195241894,4006
2021-06-09 13:40:00,114.187399755,114.187499022,114.177671532,114.187499022,8091
2021-06-09 13:39:00,114.187499022,114.187499022,114.182535643,114.182535643,986
2021-06-09 13:38:00,114.182535643,114.185811474,114.179458348,114.185811474,3158
2021-06-09 13:37:00,114.179756151,114.179756151,114.177572264,114.177572264,473
2021-06-09 13:36:00,114.182535643,114.186506347,114.182535643,114.186506347,1066
2021-06-09 13:35:00,114.177572264,114.180848094,114.177572264,114.180848094,539
2021-06-09 13:34:00,114.169630858,114.187499022,114.169630858,114.177572264,60276
2021-06-09 13:33:00,114.172608885,114.172608885,114.172608885,114.172608885,1855
2021-06-09 13:32:00,114.176083251,114.177572264,114.176083251,114.176083251,1504
2021-06-09 13:31:00,114.172608885,114.177572264,114.167645506,114.167645506,3900
2021-06-09 13:30:00,114.177472997,114.182535643,114.167645506,114.177572264,32289
2021-06-09 13:29:00,114.167744774,114.177572264,114.167645506,114.177572264,22346
2021-06-09 13:28:00,114.177572264,114.177572264,114.16913452,114.177572264,3176
2021-06-09 13:27:00,114.187499022,114.192462401,114.16913452,114.176182518,3675
2021-06-09 13:26:00,114.187499022,114.187499022,114.186605614,114.186605614,1324
2021-06-09 13:25:00,114.177572264,114.187499022,114.177572264,114.182535643,4686
2021-06-09 13:24:00,114.168638182,114.177572264,114.168638182,114.177572264,2694
2021-06-09 13:23:00,114.177175194,114.177572264,114.169730125,114.169730125,1805
2021-06-09 13:22:00,114.172608885,114.172608885,114.172608885,114.172608885,723
2021-06-09 13:21:00,114.161887986,114.17568618,114.157718748,114.172608885,3709
2021-06-09 13:20:00,114.162682127,114.167645506,114.162682127,114.162682127,1382
2021-06-09 13:19:00,114.177572264,114.177572264,114.157718748,114.159902635,1659
2021-06-09 13:18:00,114.186010009,114.186010009,114.167645506,114.167645506,4773
2021-06-09 13:17:00,114.177572264,114.183528319,114.177572264,114.182535643,2354
2021-06-09 13:16:00,114.169829393,114.177572264,114.169829393,114.169829393,900
2021-06-09 13:15:00,114.169333055,114.177572264,114.169333055,114.172608885,1632
2021-06-09 13:14:00,114.172112547,114.172608885,114.172112547,114.172608885,3237
2021-06-09 13:13:00,114.182535643,114.182535643,114.174991307,114.174991307,2380
2021-06-09 13:12:00,114.192462401,114.192462401,114.179160546,114.182535643,3539
2021-06-09 13:11:00,114.191171923,114.197425781,114.190179247,114.192462401,2161
2021-06-09 13:10:00,114.192462401,114.192660937,114.192462401,114.192660937,729
2021-06-09 13:09:00,114.182535643,114.195241894,114.182535643,114.188988036,4531
2021-06-09 13:08:00,114.177572264,114.187399755,114.177572264,114.177572264,4134
2021-06-09 13:07:00,114.177572264,114.182535643,114.177572264,114.179954686,1340
2021-06-09 13:06:00,114.177572264,114.186010009,114.177572264,114.182535643,5490
2021-06-09 13:05:00,114.177472997,114.182535643,114.177472997,114.182535643,5055
2021-06-09 13:04:00,114.177572264,114.179160546,114.172608885,114.175388377,4910
2021-06-09 13:03:00,114.157718748,114.187499022,114.157718748,114.177572264,60450
2021-06-09 13:02:00,114.14779199,114.157718748,114.14779199,114.157718748,5877
2021-06-09 13:01:00,114.137865232,114.14779199,114.137865232,114.14779199,3970
2021-06-09 13:00:00,114.129824558,114.137865232,114.129824558,114.132901853,6525
2021-06-09 12:59:00,114.131809909,114.134887204,114.131809909,114.132901853,2298
2021-06-09 12:58:00,114.127938474,114.133795261,114.127938474,114.128236276,5850
2021-06-09 12:57:00,114.13627695,114.136872556,114.127938474,114.127938474,7123
2021-06-09 12:56:00,114.132901853,114.135681345,114.132901853,114.135681345,271
2021-06-09 12:55:00,114.137865232,114.137865232,114.132901853,114.132901853,4440
2021-06-09 12:54:00,114.139354245,114.14779199,114.137865232,114.147692722,7827
2021-06-09 12:53:00,114.139354245,114.142828611,114.139354245,114.142828611,852
2021-06-09 12:52:00,114.142828611,114.147692722,114.141339597,114.147692722,12507
2021-06-09 12:51:00,114.141240329,114.146898582,114.141240329,114.146898582,728
2021-06-09 12:50:00,114.14779199,114.14779199,114.137865232,114.142828611,3449
2021-06-09 12:49:00,114.137865232,114.142828611,114.137865232,114.142828611,1543
2021-06-09 12:48:00,114.142828611,114.14779199,114.137865232,114.142828611,10282
2021-06-09 12:47:00,114.142828611,114.142828611,114.137865232,114.137865232,3106
2021-06-09 12:46:00,114.142828611,114.146302976,114.137865232,114.142828611,8083
2021-06-09 12:45:00,114.14779199,114.14779199,114.142828611,114.142828611,524
2021-06-09 12:44:00,114.145806638,114.14779199,114.140049118,114.147692722,1666
2021-06-09 12:43:00,114.142828611,114.147692722,114.137865232,114.142828611,1372
2021-06-09 12:42:00,114.140049118,114.14779199,114.140049118,114.14779199,444
2021-06-09 12:41:00,114.14779199,114.14779199,114.14779199,114.14779199,464
2021-06-09 12:40:00,114.145707371,114.14779199,114.140049118,114.14779199,749
2021-06-09 12:39:00,114.146997849,114.146997849,114.137865232,114.137865232,5363
2021-06-09 12:38:00,114.137865232,114.142828611,114.137865232,114.141935202,3557
2021-06-09 12:37:00,114.139652048,114.14779199,114.137865232,114.137865232,3429
2021-06-09 12:36:00,114.14779199,114.14779199,114.142828611,114.14779199,1100
2021-06-09 12:35:00,114.14779199,114.14779199,114.146700046,114.146700046,4996
2021-06-09 12:34:00,114.142828611,114.14779199,114.142828611,114.142828611,6350
2021-06-09 12:33:00,114.14779199,114.14779199,114.142828611,114.14779199,1535
2021-06-09 12:32:00,114.14779199,114.14779199,114.142828611,114.142828611,442
2021-06-09 12:31:00,114.14779199,114.14779199,114.14779199,114.14779199,3147
2021-06-09 12:30:00,114.1416374,114.14779199,114.1416374,114.14779199,1166
2021-06-09 12:29:00,114.142828611,114.14779199,114.137865232,114.137865232,4304
2021-06-09 12:28:00,114.140049118,114.142828611,114.139949851,114.142828611,1804
2021-06-09 12:27:00,114.146997849,114.14779199,114.140049118,114.140049118,2273
2021-06-09 12:26:00,114.137964499,114.14779199,114.137865232,114.14779199,1563
2021-06-09 12:25:00,114.142828611,114.14779199,114.139354245,114.140049118,2227
2021-06-09 12:24:00,114.145608103,114.14779199,114.145608103,114.14779199,744
2021-06-09 12:23:00,114.14779199,114.14779199,114.139850583,114.139850583,3537
2021-06-09 12:22:00,114.142828611,114.142927878,114.137865232,114.142828611,3147
2021-06-09 12:21:00,114.142828611,114.142828611,114.142828611,114.142828611,144
2021-06-09 12:20:00,114.142828611,114.142828611,114.139354245,114.142332273,1982
2021-06-09 12:19:00,114.137865232,114.142828611,114.137865232,114.140049118,3107
2021-06-09 12:18:00,114.142828611,114.142828611,114.137865232,114.137865232,1182
2021-06-09 12:17:00,114.142828611,114.142828611,114.139949851,114.142828611,1853
2021-06-09 12:16:00,114.142828611,114.145905906,114.137865232,114.145905906,1977
2021-06-09 12:15:00,114.142828611,114.142828611,114.142828611,114.142828611,407
2021-06-09 12:14:00,114.14779199,114.14779199,114.13836157,114.138659372,1810
2021-06-09 12:13:00,114.140247654,114.14779199,114.139354245,114.142828611,2351
2021-06-09 12:12:00,114.137865232,114.142828611,114.137865232,114.137865232,520
2021-06-09 12:11:00,114.142828611,114.142828611,114.137865232,114.142828611,2513
2021-06-09 12:10:00,114.144813962,114.146203709,114.142828611,114.142828611,2167
2021-06-09 12:09:00,114.145608103,114.146104441,114.142828611,114.142828611,1897
2021-06-09 12:08:00,114.146302976,114.14779199,114.139354245,114.139354245,3215
2021-06-09 12:07:00,114.137865232,114.147692722,114.137865232,114.147692722,1442
2021-06-09 12:06:00,114.142828611,114.14779199,114.137865232,114.137865232,6488
2021-06-09 12:05:00,114.142828611,114.142828611,114.142530808,114.142530808,1347
2021-06-09 12:04:00,114.152755369,114.152755369,114.14779199,114.14779199,13490
2021-06-09 12:03:00,114.152755369,114.157718748,114.14779199,114.156726072,3901
2021-06-09 12:02:00,114.153152439,114.157718748,114.149281004,114.154442918,4905
2021-06-09 12:01:00,114.149975877,114.156229734,114.149975877,114.154839988,761
2021-06-09 12:00:00,114.147891257,114.157718748,114.147891257,114.157718748,3065
2021-06-09 11:59:00,114.152755369,114.157718748,114.149975877,114.149975877,1005
2021-06-09 11:58:00,114.152755369,114.155534861,114.152755369,114.155534861,843
2021-06-09 11:57:00,114.152755369,114.157718748,114.14818906,114.152755369,3638
2021-06-09 11:56:00,114.152755369,114.157718748,114.152755369,114.157718748,3109
2021-06-09 11:55:00,114.150770017,114.156229734,114.150770017,114.156229734,2679
2021-06-09 11:54:00,114.154939256,114.156229734,114.153450242,114.156229734,1512
2021-06-09 11:53:00,114.157718748,114.157718748,114.152755369,114.153251707,7551
2021-06-09 11:52:00,114.157718748,114.157718748,114.152755369,114.156924607,1267
2021-06-09 11:51:00,114.152755369,114.157718748,114.152755369,114.155733396,3442
2021-06-09 11:50:00,114.152755369,114.157321678,114.152755369,114.152755369,2021
2021-06-09 11:49:00,114.152755369,114.157718748,114.152755369,114.157718748,1853
2021-06-09 11:48:00,114.157718748,114.157718748,114.152755369,114.156229734,1161
2021-06-09 11:47:00,114.152755369,114.157718748,114.152755369,114.156626805,819
2021-06-09 11:46:00,114.152755369,114.157718748,114.149975877,114.157718748,389
2021-06-09 11:45:00,114.157718748,114.157718748,114.147891257,114.147891257,5832
2021-06-09 11:44:00,114.157718748,114.157718748,114.152755369,114.154244383,1296
2021-06-09 11:43:00,114.15761948,114.157718748,114.15761948,114.157718748,1373
2021-06-09 11:42:00,114.149281004,114.157718748,114.149281004,114.15761948,4398
2021-06-09 11:41:00,114.157718748,114.157718748,114.14779199,114.14779199,1505
2021-06-09 11:40:00,114.142828611,114.157718748,114.140049118,114.15682534,5739
2021-06-09 11:39:00,114.142828611,114.14779199,114.132901853,114.14779199,25726
2021-06-09 11:38:00,114.14779199,114.14779199,114.137865232,114.142828611,2001
2021-06-09 11:37:00,114.142828611,114.14779199,114.137865232,114.142828611,4917
2021-06-09 11:36:00,114.152755369,114.157718748,114.142828611,114.142828611,30745
2021-06-09 11:35:00,114.152755369,114.152755369,114.149281004,114.152755369,1529
2021-06-09 11:34:00,114.152755369,114.154045847,114.14779199,114.154045847,1627
2021-06-09 11:33:00,114.156726072,114.156726072,114.14779199,114.147891257,2505
2021-06-09 11:32:00,114.152755369,114.153748045,114.152755369,114.153748045,565
2021-06-09 11:31:00,114.152755369,114.152755369,114.152755369,114.152755369,266
2021-06-09 11:30:00,114.14779199,114.155931931,114.14779199,114.155931931,3263
2021-06-09 11:29:00,114.152755369,114.155534861,114.14779199,114.152755369,10369
2021-06-09 11:28:00,114.149678074,114.152755369,114.14779199,114.152755369,6375
2021-06-09 11:27:00,114.152755369,114.157718748,114.14779199,114.14779199,10636
2021-06-09 11:26:00,114.149281004,114.155832664,114.14779199,114.149975877,5219
2021-06-09 11:25:00,114.152755369,114.152755369,114.14779199,114.15106782,3350
2021-06-09 11:24:00,114.14779199,114.152755369,114.14779199,114.152755369,19253
2021-06-09 11:23:00,114.149975877,114.155534861,114.14779199,114.14779199,37429
2021-06-09 11:22:00,114.15761948,114.15761948,114.14779199,114.152755369,5801
2021-06-09 11:21:00,114.14779199,114.155534861,114.14779199,114.152755369,1377
2021-06-09 11:20:00,114.14779199,114.157718748,114.14779199,114.152755369,3522
2021-06-09 11:19:00,114.153251707,114.157718748,114.14779199,114.15761948,40009
2021-06-09 11:18:00,114.152755369,114.152755369,114.149479539,114.149479539,2206
2021-06-09 11:17:00,114.156031199,114.156031199,114.14779199,114.147891257,1658
2021-06-09 11:16:00,114.151564158,114.157718748,114.147891257,114.152755369,2428
2021-06-09 11:15:00,114.14779199,114.15761948,114.14779199,114.15761948,473
2021-06-09 11:14:00,114.167645506,114.167645506,114.149281004,114.152755369,4750
2021-06-09 11:13:00,114.157718748,114.162682127,114.157718748,114.162682127,860
2021-06-09 11:12:00,114.162682127,114.165957957,114.157718748,114.162682127,6776
2021-06-09 11:11:00,114.157718748,114.162682127,114.157718748,114.161689451,813
2021-06-09 11:10:00,114.162682127,114.162682127,114.157718748,114.162682127,1749
2021-06-09 11:09:00,114.162682127,114.165660154,114.157718748,114.163674803,7044
2021-06-09 11:08:00,114.162682127,114.167546239,114.159307029,114.162682127,2394
2021-06-09 11:07:00,114.162682127,114.167645506,114.157718748,114.157718748,3902
2021-06-09 11:06:00,114.159604832,114.166057225,114.159604832,114.162682127,1649
2021-06-09 11:05:00,114.170623534,114.172608885,114.157718748,114.165660154,7011
2021-06-09 11:04:00,114.16913452,114.177572264,114.167645506,114.172608885,9096
2021-06-09 11:03:00,114.177572264,114.177572264,114.167645506,114.172608885,9750
2021-06-09 11:02:00,114.175983983,114.177572264,114.167645506,114.167645506,2588
2021-06-09 11:01:00,114.177572264,114.177572264,114.177572264,114.177572264,408
2021-06-09 11:00:00,114.175785448,114.175785448,114.175785448,114.175785448,640
2021-06-09 10:59:00,114.177572264,114.177572264,114.167645506,114.176579588,3496
2021-06-09 10:58:00,114.177572264,114.177572264,114.168141844,114.172608885,511
2021-06-09 10:57:00,114.167645506,114.177572264,114.167645506,114.175487645,4492
2021-06-09 10:56:00,114.167645506,114.167645506,114.159207762,114.167645506,3281
2021-06-09 10:55:00,114.167645506,114.167645506,114.157718748,114.167149168,7373
2021-06-09 10:54:00,114.167645506,114.167645506,114.159307029,114.165461619,1392
2021-06-09 10:53:00,114.167645506,114.167645506,114.157718748,114.167645506,18311
2021-06-09 10:52:00,114.166156492,114.167546239,114.149578806,114.157718748,10972
2021-06-09 10:51:00,114.176083251,114.176083251,114.157718748,114.157718748,4156
2021-06-09 10:50:00,114.167645506,114.176778124,114.167645506,114.167645506,3440
2021-06-09 10:49:00,114.167645506,114.177572264,114.167645506,114.167645506,18307
2021-06-09 10:48:00,114.162682127,114.167645506,114.157718748,114.162682127,4051
2021-06-09 10:47:00,114.162682127,114.167645506,114.162682127,114.167645506,1715
2021-06-09 10:46:00,114.167645506,114.177572264,114.167645506,114.167645506,2272
2021-06-09 10:45:00,114.167645506,114.177572264,114.167645506,114.172608885,9215
2021-06-09 10:44:00,114.172608885,114.176877391,114.167645506,114.172608885,3618
2021-06-09 10:43:00,114.172608885,114.176083251,114.167645506,114.171616209,2476
2021-06-09 10:42:00,114.177572264,114.177572264,114.167844041,114.177472997,33422
2021-06-09 10:41:00,114.182535643,114.187399755,114.177572264,114.185712206,3428
2021-06-09 10:40:00,114.172608885,114.177572264,114.167645506,114.177572264,4761
2021-06-09 10:39:00,114.182535643,114.182535643,114.171814745,114.171814745,1862
2021-06-09 10:38:00,114.177671532,114.187499022,114.172608885,114.182535643,6985
2021-06-09 10:37:00,114.179061278,114.186704882,114.177770799,114.186704882,3941
2021-06-09 10:36:00,114.182535643,114.185315136,114.177572264,114.177572264,3841
2021-06-09 10:35:00,114.179061278,114.182535643,114.177572264,114.177572264,2709
2021-06-09 10:34:00,114.179061278,114.187499022,114.177572264,114.177572264,993
2021-06-09 10:33:00,114.192462401,114.192462401,114.180848094,114.182535643,902
2021-06-09 10:32:00,114.189087304,114.194745556,114.189087304,114.192462401,3632
2021-06-09 10:31:00,114.197425781,114.197425781,114.187499022,114.187499022,1669
2021-06-09 10:30:00,114.197425781,114.197425781,114.197425781,114.197425781,509
2021-06-09 10:29:00,114.195341161,114.197425781,114.187499022,114.192462401,4286
2021-06-09 10:28:00,114.187499022,114.195837499,114.187499022,114.195837499,8493
2021-06-09 10:27:00,114.186506347,114.187499022,114.182535643,114.187499022,2870
2021-06-09 10:26:00,114.175388377,114.177572264,114.172608885,114.172608885,4300
2021-06-09 10:25:00,114.177572264,114.179359081,114.169333055,114.176778124,1717
2021-06-09 10:24:00,114.185315136,114.192462401,114.167645506,114.182535643,119937
2021-06-09 10:23:00,114.193653612,114.196433105,114.187499022,114.187499022,2730
2021-06-09 10:22:00,114.182535643,114.192462401,114.182535643,114.187499022,17851
2021-06-09 10:21:00,114.187499022,114.187499022,114.177572264,114.182535643,2985
2021-06-09 10:20:00,114.187499022,114.195539697,114.180451024,114.184620263,3419
2021-06-09 10:19:00,114.187499022,114.196433105,114.187499022,114.192462401,1157
2021-06-09 10:18:00,114.177671532,114.192462401,114.177671532,114.187499022,4738
2021-06-09 10:17:00,114.177572264,114.195440429,114.177572264,114.177572264,27159
2021-06-09 10:16:00,114.177572264,114.182535643,114.167645506,114.170623534,12170
2021-06-09 10:15:00,114.177572264,114.177572264,114.167645506,114.173601561,1408
2021-06-09 10:14:00,114.197425781,114.197425781,114.177572264,114.177572264,12405
2021-06-09 10:13:00,114.179557616,114.187499022,114.177572264,114.187499022,22646
2021-06-09 10:12:00,114.177572264,114.187499022,114.171516942,114.171516942,11151
2021-06-09 10:11:00,114.187499022,114.187499022,114.177572264,114.184818798,12585
2021-06-09 10:10:00,114.212315918,114.212315918,114.187499022,114.188988036,13063
2021-06-09 10:09:00,114.217279297,114.227206055,114.211720312,114.211720312,141182
2021-06-09 10:08:00,114.247059571,114.247059571,114.217279297,114.225717041,44048
2021-06-09 10:07:00,114.25202295,114.256986329,114.247059571,114.25202295,1838
2021-06-09 10:06:00,114.247059571,114.252717823,114.2393167,114.252717823,15623
2021-06-09 10:05:00,114.25202295,114.256986329,114.247059571,114.254802443,7833
2021-06-09 10:04:00,114.247059571,114.255993654,114.242096192,114.255993654,21896
2021-06-09 10:03:00,114.253909034,114.253909034,114.242096192,114.247059571,9536
2021-06-09 10:02:00,114.25202295,114.25202295,114.247059571,114.25202295,13529
2021-06-09 10:01:00,114.256986329,114.256986329,114.247059571,114.247059571,50301
2021-06-09 10:00:00,114.247059571,114.256986329,114.247059571,114.25202295,3632
2021-06-09 09:59:00,114.256986329,114.258475343,114.25202295,114.25202295,3779
2021-06-09 09:58:00,114.256986329,114.266913088,114.256986329,114.258475343,49113
2021-06-09 09:57:00,114.261949709,114.261949709,114.261949709,114.261949709,1443
2021-06-09 09:56:00,114.266913088,114.271876467,114.259170216,114.259170216,14447
2021-06-09 09:55:00,114.271876467,114.276740578,114.258971681,114.266913088,2444
2021-06-09 09:54:00,114.286766604,114.286766604,114.266913088,114.272273537,10872
2021-06-09 09:53:00,114.296693362,114.296693362,114.286766604,114.296693362,4804
2021-06-09 09:52:00,114.291729983,114.296693362,114.286766604,114.291729983,2164
2021-06-09 09:51:00,114.286766604,114.291233645,114.280016408,114.286766604,75630
2021-06-09 09:50:00,114.296693362,114.296693362,114.291729983,114.296693362,38469
2021-06-09 09:49:00,114.286766604,114.295700686,114.286766604,114.295700686,445
2021-06-09 09:48:00,114.288950491,114.296693362,114.288950491,114.296693362,21837
2021-06-09 09:47:00,114.299175052,114.304932571,114.290340237,114.296693362,23367
2021-06-09 09:46:00,114.296693362,114.296693362,114.296693362,114.296693362,3639
2021-06-09 09:45:00,114.29679263,114.301656741,114.296693362,114.296693362,1927
2021-06-09 09:44:00,114.296693362,114.296693362,114.295998489,114.296693362,6024
2021-06-09 09:43:00,114.28488052,114.296693362,114.281803225,114.286766604,115116
2021-06-09 09:42:00,114.286766604,114.296693362,114.276839846,114.276839846,95807
2021-06-09 09:41:00,114.296693362,114.296693362,114.291729983,114.291729983,2900
2021-06-09 09:40:00,114.286766604,114.30662012,114.279023733,114.296693362,17441
2021-06-09 09:39:00,114.288255618,114.288255618,114.281803225,114.281803225,3448
2021-06-09 09:38:00,114.276839846,114.286766604,114.276839846,114.286766604,19533
2021-06-09 09:37:00,114.256986329,114.276839846,114.256986329,114.276839846,8003
2021-06-09 09:36:00,114.256887062,114.256986329,114.237132813,114.256986329,63438
2021-06-09 09:35:00,114.250633204,114.250633204,114.247059571,114.247059571,1364
2021-06-09 09:34:00,114.266913088,114.266913088,114.247059571,114.247059571,5939
2021-06-09 09:33:00,114.243684474,114.243684474,114.243684474,114.243684474,703
2021-06-09 09:32:00,114.256986329,114.266913088,114.242096192,114.256986329,7725
2021-06-09 09:31:00,114.584569348,114.584569348,114.157718748,114.237132813,229677
